"sample1" "sample2" "sample3" "sample4" "sample5" "sample6" "sample7" "sample8" "sample9" "sample10"
"g1" 10 3 5 2 1 12 42 9 9 37
"g2" 134 71 50 85 72 244 216 256 267 220
"g3" 64 40 20 80 53 42 107 90 221 98
"g4" 329 427 164 239 230 790 2070 312 1445 1733
"g5" 512 927 371 157 237 126 684 651 276 449
"g6" 10 9 2 3 3 6 22 14 6 9
"g7" 265 196 136 178 156 524 716 268 708 389
"g8" 1270 671 789 1124 1016 1071 2431 1511 2667 1948
"g9" 170 97 167 279 93 292 603 267 596 530
"g10" 19 8 30 20 4 103 51 545 61 284
"g11" 31 47 25 23 31 25 58 34 52 83
"g12" 100 356 28 86 47 203 454 56 271 95
"g13" 311 128 106 177 238 852 1062 452 727 1457
"g14" 20 30 61 25 19 93 140 162 166 144
"g15" 35 20 16 21 24 19 44 31 29 29
"g16" 7 225 882 257 305 423 153 1244 292 906
"g17" 35 13 44 14 6 33 45 36 21 35
"g18" 2 2 4 6 4 9 28 11 7 11
"g19" 0 0 0 0 0 3 0 3 67 1
"g20" 5 7 13 3 21 182 160 26 39 6
"g21" 529 590 438 370 570 787 2039 906 2220 2330
"g22" 395 244 197 212 478 437 732 369 709 453
"g23" 42 9 12 8 25 45 48 28 82 27
"g24" 13 19 17 4 0 14 30 20 18 0
"g25" 491 377 186 327 253 479 600 357 463 498
"g26" 746 252 212 160 118 814 982 711 1747 1704
"g27" 7 18 14 9 10 24 101 6 72 56
"g28" 164 66 179 140 106 185 468 503 848 448
"g29" 493 917 1589 812 438 2483 2636 2794 3389 4604
"g30" 0 2 3 2 0 14 7 0 19 7
"g31" 16 5 0 28 65 39 31 3 6 7
"g32" 15 25 5 16 21 50 17 9 101 154
"g33" 1517 1524 1475 2874 2445 4816 8377 3663 9400 9687
"g34" 285 128 235 214 188 340 932 627 640 375
"g35" 30 27 27 21 20 84 120 85 127 108
"g36" 1778 990 1614 1239 2649 2535 2557 1550 2937 3225
"g37" 2827 3258 2710 4062 3031 10683 6587 10500 25347 32455
"g38" 11 1 6 15 14 20 52 55 38 31
"g39" 318 253 172 309 147 589 752 548 976 654
"g40" 176 69 143 46 68 115 199 195 107 217
"g41" 1 2 2 1 3 22 9 3 7 1
"g42" 180 39 177 65 232 1559 670 396 167 751
"g43" 77 50 13 32 12 31 117 30 109 103
"g44" 551 304 252 258 214 855 836 631 1069 613
"g45" 2 0 5 0 0 0 3 2 36 3
"g46" 271 398 465 765 313 530 663 730 1013 556
"g47" 212 53 47 80 78 171 385 128 580 109
"g48" 315 722 765 443 370 870 3020 1779 2224 1880
"g49" 162 55 109 77 108 682 735 149 116 500
"g50" 722 452 369 353 491 1186 1067 1109 992 906
"g51" 8 1 5 1 5 10 11 4 11 11
"g52" 890 708 970 948 338 4220 9459 5391 5837 5180
"g53" 732 196 174 195 659 976 1097 2114 2298 999
"g54" 664 401 224 654 198 451 922 837 1044 496
"g55" 156 71 187 176 89 356 447 237 335 352
"g56" 8 11 3 3 3 8 12 41 21 17
"g57" 5 3 2 2 3 12 17 4 9 13
"g58" 99 9 54 66 82 122 306 81 164 233
"g59" 360 719 601 556 782 963 1502 849 721 892
"g60" 58 113 9 81 24 183 427 26 250 28
"g61" 56 4 3 26 22 57 8 98 10 65
"g62" 298 184 117 152 98 212 270 125 118 322
"g63" 314 322 369 420 437 744 3134 2121 1911 1905
"g64" 261 104 199 219 288 467 1191 494 686 833
"g65" 3819 3138 2405 4559 3206 11425 24250 5793 9848 5519
"g66" 6861 4864 5962 3880 3705 13209 12329 7781 15980 10766
"g67" 7 3 5 1 4 10 5 4 15 2
"g68" 169 167 222 617 230 649 887 908 1559 399
"g69" 777 596 669 676 646 1194 1342 1266 2388 1583
"g70" 14 17 2 11 4 5 47 14 29 18
"g71" 2004 461 1341 233 587 3906 3349 2331 5764 4397
"g72" 33 177 58 112 107 423 916 390 589 960
"g73" 2550 3796 2255 1643 4077 11403 18595 11072 3929 3162
"g74" 0 0 0 0 0 9 0 5 4 4
"g75" 16 5 3 2 3 15 22 3 30 95
"g76" 3911 2443 1563 2292 3084 4400 7980 3505 9162 4429
"g77" 375 199 223 101 175 384 461 149 522 384
"g78" 212 102 41 161 116 177 65 331 91 78
"g79" 35 21 13 17 8 3 57 26 40 46
"g80" 77 86 73 39 60 170 329 406 159 613
"g81" 93 49 57 52 51 171 213 294 190 198
"g82" 792 523 721 651 607 1349 2361 1620 2425 2523
"g83" 218 63 114 52 557 77 511 174 273 574
"g84" 0 0 1 5 9 7 9 7 33 14
"g85" 43 14 13 35 31 60 175 47 75 55
"g86" 836 448 66 258 93 397 1335 283 580 215
"g87" 5 2 1 4 1 4 4 2 3 2
"g88" 6 6 2 2 8 31 38 14 18 9
"g89" 12970 12078 8006 2584 12800 18376 19156 11437 24690 16680
"g90" 24 1 9 94 83 197 264 151 41 59
"g91" 737 783 292 677 873 954 1047 951 1386 692
"g92" 4 6 2 2 1 6 9 4 8 4
"g93" 953 616 434 635 462 1143 1758 1180 1690 794
"g94" 286 174 162 250 328 504 599 463 801 481
"g95" 27 22 9 22 20 35 54 78 72 147
"g96" 68 24 11 54 60 112 86 123 348 67
"g97" 52 38 23 6 11 26 110 20 59 55
"g98" 1813 971 1038 1210 1457 1357 2361 1833 2272 1857
"g99" 418 197 201 240 257 811 1739 634 549 874
"g100" 20 9 19 24 16 127 47 43 151 11
"g101" 95 16 36 38 38 9 145 98 144 193
"g102" 0 3 142 152 2 0 137 167 3 3
"g103" 55 51 44 63 44 25 17 96 111 62
"g104" 7 25 8 27 8 77 51 18 70 8
"g105" 1 1 2 6 2 7 0 1 8 9
"g106" 2267 444 1532 997 748 648 1420 1778 1273 1811
"g107" 8 6 8 7 7 4 18 26 27 7
"g108" 36 6 14 24 9 6 89 31 51 64
"g109" 49 56 84 27 36 628 158 270 927 317
"g110" 487 506 310 452 561 677 1191 805 972 931
"g111" 578 441 476 565 370 1684 2958 2321 3323 2447
"g112" 37 42 21 63 32 77 181 72 147 62
"g113" 22 10 10 8 12 15 21 10 31 19
"g114" 13 14 14 17 20 58 65 26 56 59
"g115" 4 6 16 8 7 8 6 2 8 21
"g116" 118 61 184 98 64 353 209 317 361 186
"g117" 264 59 40 39 154 547 710 164 733 699
"g118" 1768 1120 1162 1264 1377 4539 6310 3295 6909 6303
"g119" 2536 2141 1965 3532 4574 9132 22238 6447 17249 13595
"g120" 215 157 153 54 194 229 288 300 521 309
"g121" 63 23 27 44 22 92 115 54 216 60
"g122" 1008 986 395 668 685 2959 8156 1714 1630 2799
"g123" 71 54 30 25 21 164 136 51 101 74
"g124" 9 0 4 3 2 5 16 8 8 11
"g125" 0 14 8 0 0 33 2 1 0 0
"g126" 420 138 279 201 154 327 471 715 627 771
"g127" 359 548 364 645 482 1319 1728 1558 3299 1773
"g128" 0 1 4 3 0 10 25 3 7 2
"g129" 161 102 101 145 81 304 237 141 339 496
"g130" 394 348 199 181 228 598 384 693 1084 1835
"g131" 997 949 883 570 1015 4697 3536 2567 5918 4540
"g132" 1 0 3 0 1 1 4 1 5 3
"g133" 1289 741 944 694 949 2601 4072 3092 4259 4273
"g134" 133 180 247 257 409 383 924 354 679 307
"g135" 418 342 335 511 373 544 770 694 1385 988
"g136" 0 1 4 0 2 1 4 0 38 9
"g137" 17 5 15 4 9 0 33 0 129 44
"g138" 1304 774 1169 1595 1248 652 841 751 1625 1994
"g139" 936 401 459 433 526 1234 2100 1465 1688 1181
"g140" 28 32 23 38 21 53 77 45 72 48
"g141" 7 8 1 1 0 1 3 1 4 13
"g142" 8 3 2 0 14 2 14 0 0 7
"g143" 96 96 181 213 128 450 944 757 876 215
"g144" 1994 1201 1858 1316 2035 4190 7766 4035 6625 3926
"g145" 985 1218 674 594 601 3989 4747 1303 1124 3390
"g146" 1143 634 682 237 1813 1888 2186 1349 2171 1506
"g147" 5 1 1 9 2 4 16 9 23 6
"g148" 29 1 5 13 22 23 69 15 46 9
"g149" 164 145 123 126 124 478 495 332 526 590
"g150" 621 535 369 730 988 762 1375 934 1223 1168
"g151" 131 501 61 126 445 1010 3221 2734 1213 1533
"g152" 10 7 2 2 16 27 41 10 4 50
"g153" 0 1 10 0 0 0 0 0 1 0
"g154" 37 38 50 37 13 82 77 117 41 70
"g155" 4690 4131 2600 4123 4320 3339 4339 3151 11228 8831
"g156" 153 45 75 123 135 306 190 75 48 148
"g157" 135 335 184 182 140 480 525 422 575 338
"g158" 1628 1354 1559 1253 1382 4505 6047 3015 8177 7981
"g159" 1749 170 470 868 369 600 2412 1653 3914 4447
"g160" 211 119 108 298 314 725 1205 491 1323 779
"g161" 49 63 63 76 60 41 21 74 70 27
"g162" 902 1279 1660 641 625 2667 2446 1503 1383 2029
"g163" 12 7 6 12 12 8 46 15 17 22
"g164" 261 415 340 329 620 309 2889 1568 3285 771
"g165" 239 241 247 244 269 1135 600 186 540 280
"g166" 17 19 10 11 2 5 23 6 16 10
"g167" 2 3 1 0 3 14 2 1 1 0
"g168" 153 148 176 129 119 341 705 712 569 348
"g169" 421 444 259 331 326 457 900 367 862 468
"g170" 17 10 12 23 12 14 42 41 40 30
"g171" 29 21 10 27 33 268 199 140 86 138
"g172" 897 518 476 536 686 1716 2099 1749 2835 2787
"g173" 88 79 77 93 77 255 453 302 376 582
"g174" 502 297 408 454 447 888 1374 1108 1351 1114
"g175" 14 23 19 13 10 17 43 15 44 38
"g176" 1097 1079 345 303 356 1057 2054 450 1798 775
"g177" 28 23 12 23 13 74 115 71 94 56
"g178" 18 60 35 34 5 201 18 17 0 54
"g179" 17 6 8 17 11 40 99 36 73 36
"g180" 434 8 2 131 177 427 2183 53 77 591
"g181" 3 7 20 5 21 15 36 13 16 16
"g182" 4 1 2 3 2 7 10 8 7 10
"g183" 147 155 234 238 113 220 522 262 779 441
"g184" 32 24 27 31 7 111 109 55 182 89
"g185" 339 154 214 116 174 332 555 226 534 412
"g186" 6 4 1 5 2 1 13 4 0 10
"g187" 1 3 0 1 1 2 5 2 9 4
"g188" 4 0 9 9 8 13 22 6 13 9
"g189" 5657 3104 3645 3226 4080 23728 25959 27090 31465 30685
"g190" 894 452 446 295 324 1335 3799 1883 5145 4133
"g191" 2199 1143 874 2246 1368 5724 7167 2993 5195 5413
"g192" 1 0 0 0 15 0 0 3 1 44
"g193" 731 589 578 575 692 1641 1564 1481 2184 1289
"g194" 389 155 331 297 277 1942 2483 1484 1656 1031
"g195" 8 7 1 3 12 3 8 10 12 18
"g196" 108 190 161 94 57 770 337 508 388 52
"g197" 0 5 0 1 1 8 22 6 0 0
"g198" 0 1 16 22 0 9 41 0 1 0
"g199" 1069 1003 933 575 997 3537 1936 1323 1953 3491
"g200" 1013 544 2681 830 1404 1006 2637 1277 2552 1052
"g201" 104 61 91 92 89 102 163 219 170 101
"g202" 2315 1322 1826 1170 1466 3123 4115 3811 3503 4586
"g203" 343 430 323 510 538 1014 507 677 787 846
"g204" 670 553 497 480 571 894 1269 879 1175 1436
"g205" 39 24 12 17 18 39 27 43 40 25
"g206" 10 16 7 17 15 31 35 68 70 78
"g207" 1 1 2 0 2 10 4 7 6 2
"g208" 368 111 203 230 265 342 309 274 396 375
"g209" 48 129 36 18 100 48 93 174 362 94
"g210" 202 190 130 115 166 337 293 221 302 305
"g211" 185 172 130 109 15 513 183 112 153 115
"g212" 86 60 58 131 33 127 275 189 91 151
"g213" 163 284 209 96 88 148 250 468 251 32
"g214" 660 854 602 1809 429 750 191 777 170 1216
"g215" 285 322 312 420 349 671 892 688 463 722
"g216" 32 17 3 20 30 22 41 63 17 14
"g217" 580 494 597 622 847 2311 4193 917 4397 2229
"g218" 0 0 0 0 0 753 69 12 0 34
"g219" 2308 1305 3013 2664 2171 4345 4555 7727 6708 3179
"g220" 35 27 39 23 24 64 87 46 78 79
"g221" 58 94 56 54 32 277 101 90 124 55
"g222" 2422 1191 808 1028 668 2162 4374 1805 4876 5043
"g223" 876 555 417 1103 412 839 1732 1383 2082 1090
"g224" 3 8 2 1 2 7 6 7 3 6
"g225" 325 341 263 450 359 1362 2091 1335 2152 1381
"g226" 26 10 34 33 25 53 67 7 81 41
"g227" 82 38 44 61 69 588 230 109 275 312
"g228" 100 21 91 51 78 67 237 81 88 107
"g229" 1300 1165 827 1181 670 1064 2640 876 1962 1403
"g230" 99 111 176 102 267 144 1059 219 335 394
"g231" 60 15 50 38 14 74 63 47 142 83
"g232" 534 152 274 224 260 195 330 392 232 450
"g233" 50 4 39 45 29 79 69 173 28 31
"g234" 503 588 481 574 403 737 1772 1261 432 1724
"g235" 244 29 95 0 21 115 21 37 386 10
"g236" 28 3 24 8 2 30 10 24 24 208
"g237" 12 87 91 22 130 237 42 75 542 574
"g238" 44 114 15 141 106 45 22 176 118 358
"g239" 1 1 3 6 2 3 11 5 16 6
"g240" 1231 749 642 446 911 773 2739 627 1439 2052
"g241" 52 137 114 96 89 447 1131 1048 958 783
"g242" 2 7 8 5 1 9 20 8 26 16
"g243" 928 529 1040 631 697 755 1437 1030 2212 1234
"g244" 865 571 648 623 565 1023 1509 1612 3741 2865
"g245" 55 42 72 47 50 111 185 130 165 109
"g246" 111 683 4 7 198 324 1322 279 212 498
"g247" 59 76 46 61 51 100 211 120 148 117
"g248" 0 3 17 0 0 1 0 0 5 35
"g249" 10933 13716 7912 8187 13231 44837 72790 62513 88749 32622
"g250" 102 56 107 119 204 273 278 94 384 218
"g251" 1239 788 717 818 1069 1677 1882 1738 3432 1893
"g252" 258 202 232 189 197 720 1565 744 1462 790
"g253" 271 218 164 343 261 1041 1638 1189 1781 1184
"g254" 129 125 96 135 122 659 844 826 569 430
"g255" 2738 1261 1283 2104 1766 2303 3832 3969 6049 3538
"g256" 58 46 38 0 3 2 0 584 861 166
"g257" 767 682 755 878 991 1122 2795 1702 3221 2227
"g258" 3351 1831 2176 1578 2073 3498 6833 4080 6763 4698
"g259" 262 213 101 128 272 158 626 363 605 412
"g260" 12 5 16 11 11 18 27 21 44 23
"g261" 559 446 503 502 382 927 1577 410 932 1043
"g262" 5 0 4 15 1 14 18 8 9 22
"g263" 84 82 71 50 103 250 222 148 186 222
"g264" 740 738 559 347 1195 3433 2890 700 471 2029
"g265" 1 6 0 10 4 4 9 0 0 0
"g266" 343 311 245 52 147 1 261 189 101 195
"g267" 1288 829 715 1259 612 2412 1647 2920 2597 1732
"g268" 0 0 2 0 0 2 0 3 8 4
"g269" 1018 558 605 745 1347 5385 7628 4609 3490 9469
"g270" 928 765 844 1064 1130 1457 4035 2699 3039 3296
"g271" 20 8 16 7 19 41 67 16 61 30
"g272" 259 233 422 208 186 341 648 254 585 642
"g273" 2073 1292 1156 1666 1599 5276 9788 6544 7018 6528
"g274" 562 253 286 419 415 999 1369 1459 1703 1208
"g275" 1 1 14 0 1 59 57 20 21 29
"g276" 0 3 8 4 3 14 8 9 7 2
"g277" 250 243 225 130 256 766 1349 509 577 494
"g278" 17 4 8 8 13 31 68 21 27 6
"g279" 2418 1709 2696 1490 1945 12402 15513 5201 20185 5827
"g280" 194 122 213 157 287 195 597 327 419 545
"g281" 65 18 88 48 37 71 156 83 32 90
"g282" 186 115 334 163 667 1540 67 1093 1615 615
"g283" 0 0 0 0 4 0 0 0 0 1
"g284" 59 58 36 74 45 63 96 171 62 38
"g285" 600 430 386 502 334 1027 1146 1149 849 995
"g286" 510 202 203 527 400 768 1434 969 70 978
"g287" 293 93 190 156 259 456 1084 265 1066 352
"g288" 22 27 16 14 14 29 178 44 161 45
"g289" 47 19 13 17 13 55 35 38 54 60
"g290" 11 1 58 3 27 13 49 130 121 78
"g291" 0 7 7 8 1 14 14 7 9 8
"g292" 168 157 21 128 65 180 242 590 984 511
"g293" 1 2 1 8 0 7 2 5 5 4
"g294" 3 34 3 16 40 42 34 12 40 63
"g295" 17520 33437 23340 22794 16168 14121 118662 40786 115105 94548
"g296" 85 91 56 49 4 196 16 9 63 6
"g297" 166 271 318 84 74 164 890 1048 403 847
"g298" 1287 831 777 1207 1766 1678 2533 1455 1851 1717
"g299" 18 16 16 19 20 67 67 76 163 69
"g300" 1367 398 844 1522 1062 2367 1323 2157 2942 1593
"g301" 8 2 3 4 6 13 20 5 10 16
"g302" 1 0 5 1 1 0 9 2 3 7
"g303" 8 10 2 0 1 11 36 5 5 16
"g304" 128 13 89 87 14 106 155 61 157 190
"g305" 3 0 1 0 0 0 0 0 0 0
"g306" 4316 2065 5270 1680 4870 6407 3622 2441 14252 2855
"g307" 5 1 3 1 0 2 11 1 4 3
"g308" 1776 829 572 835 1945 2900 2063 3742 2069 1538
"g309" 2 0 0 3 0 1 3 0 3 0
"g310" 614 176 287 181 244 783 884 462 838 790
"g311" 978 427 628 917 593 967 1517 1106 1029 920
"g312" 38 55 34 60 57 75 160 68 112 122
"g313" 727 799 561 269 472 864 1320 1040 787 1270
"g314" 1975 1285 1025 1428 2002 5004 9737 7157 3041 7574
"g315" 4822 2972 2387 2337 4625 5714 10337 7181 16074 9939
"g316" 559 665 415 479 675 820 1679 929 1133 1189
"g317" 1026 819 1327 1731 1200 1734 3165 700 4103 3174
"g318" 179 306 107 95 45 8 112 19 431 238
"g319" 1682 1525 1736 1469 1573 2528 4340 3553 3468 4020
"g320" 612 352 616 315 491 3020 6288 2425 4687 1701
"g321" 2290 1412 1754 1625 2165 3212 5872 3272 4290 3946
"g322" 7 10 1 7 0 11 3 8 28 4
"g323" 22 7 20 17 27 69 32 66 125 53
"g324" 46 74 75 116 63 226 322 264 427 151
"g325" 32 15 13 31 13 41 85 17 38 65
"g326" 685 623 362 416 544 3355 2834 2020 1734 2745
"g327" 184 0 0 5 18 15 5 1 21 96
"g328" 2 2 0 0 0 4 2 7 19 5
"g329" 13 2 4 0 3 12 14 1 40 10
"g330" 388 537 458 384 334 450 1677 742 1356 450
"g331" 132 98 92 59 86 228 418 149 203 235
"g332" 10 6 7 0 0 13 98 12 5 102
"g333" 0 0 0 0 0 28 1 3 0 0
"g334" 508 278 165 210 239 384 201 132 854 553
"g335" 24 24 51 1 0 11 56 0 0 6
"g336" 0 0 0 5 1 4 8 3 15 0
"g337" 255 212 145 89 79 352 677 301 308 469
"g338" 378 331 202 239 127 1015 1467 338 1102 594
"g339" 3 1 5 4 8 3 7 5 9 2
"g340" 311 74 415 168 124 1215 1322 498 940 400
"g341" 11 24 45 26 35 52 31 56 27 38
"g342" 1229 993 615 877 457 1069 2661 1529 1769 590
"g343" 3 0 2 0 0 2 1 4 3 5
"g344" 143 69 87 137 126 217 287 273 462 375
"g345" 0 0 0 1 0 3 0 0 4 1
"g346" 3 4 2 2 3 6 17 2 5 10
"g347" 36 8 12 3 15 57 61 42 87 32
"g348" 11 18 18 14 5 38 8 7 19 34
"g349" 18 13 12 14 23 49 48 35 54 32
"g350" 856 714 846 243 659 1470 1525 1183 1270 660
"g351" 37 1 0 0 0 10 90 21 66 3
"g352" 100 167 109 229 128 965 1112 1111 562 1269
"g353" 3 83 0 8 18 5 139 2 8 19
"g354" 1085 314 603 791 331 2051 865 868 788 775
"g355" 5 4 6 7 30 15 21 20 29 25
"g356" 50 57 48 15 58 37 61 47 105 26
"g357" 4176 3668 2789 2826 4165 4709 6864 5497 6616 6235
"g358" 4078 2476 2225 2550 2158 4049 4268 5850 4739 4235
"g359" 2 1 2 0 4 4 5 3 1 0
"g360" 133 134 125 79 178 105 315 268 228 149
"g361" 309 401 523 409 284 933 741 480 1040 747
"g362" 17 17 27 31 6 42 66 74 40 88
"g363" 149 95 72 194 135 297 329 315 444 300
"g364" 102 134 167 84 70 165 229 123 196 158
"g365" 106 30 24 15 17 192 217 253 332 198
"g366" 89 25 42 58 45 14 94 40 79 103
"g367" 142 216 168 152 208 560 504 540 711 496
"g368" 1189 1755 2112 218 1072 2795 1236 2791 2791 1187
"g369" 12 27 19 8 36 16 57 19 34 5
"g370" 31 204 196 265 701 380 64 128 649 478
"g371" 3 7 3 8 6 5 37 6 53 5
"g372" 307 693 230 394 463 352 521 683 741 152
"g373" 238 118 86 500 305 398 1397 1345 919 1683
"g374" 1554 1410 1216 1523 1289 3831 6029 2844 6018 8114
"g375" 82 278 168 216 194 657 1451 300 652 1115
"g376" 3 6 4 0 1 7 5 5 7 6
"g377" 23 14 9 14 24 135 37 47 67 92
"g378" 144 151 225 250 114 656 774 472 680 574
"g379" 6 2 9 2 1 33 5 7 5 44
"g380" 87 49 62 45 64 162 129 142 112 127
"g381" 6 14 17 20 6 15 50 25 49 29
"g382" 80 37 51 48 47 102 109 75 105 108
"g383" 123 57 259 249 532 615 1762 666 394 451
"g384" 309 150 122 190 162 341 833 879 670 637
"g385" 0 1 1 7 13 0 32 1 5 1
"g386" 6 1 1 0 1 2 5 0 6 8
"g387" 9 17 7 23 10 6 44 31 37 55
"g388" 35 35 9 15 23 94 23 100 58 50
"g389" 46 43 34 37 57 106 307 150 296 238
"g390" 176 95 131 113 129 218 261 144 406 188
"g391" 203 402 758 589 251 440 1784 619 1100 1047
"g392" 406 149 329 420 302 580 724 580 877 823
"g393" 2 3 2 1 1 9 7 4 13 10
"g394" 4 4 2 4 3 0 3 6 12 15
"g395" 2959 689 1631 1492 1987 6691 12720 7400 17111 9099
"g396" 4807 2939 4061 3314 3463 7691 12938 5572 8974 5993
"g397" 91 154 112 90 99 221 437 283 625 87
"g398" 0 1 3 3 1 11 15 6 6 10
"g399" 17 509 8 28 7 25 8 2 41 18
"g400" 525 216 292 245 367 2597 2368 975 1800 746
"g401" 290 92 221 195 75 336 198 483 91 177
"g402" 170 346 353 71 189 389 719 225 506 234
"g403" 41 96 27 98 26 227 199 138 126 157
"g404" 589 428 520 390 487 1052 1693 936 1665 1412
"g405" 2 21 5 13 1 54 299 94 50 51
"g406" 74 34 44 55 48 97 123 71 115 118
"g407" 1466 864 1667 803 1131 4030 5823 5600 4980 6458
"g408" 22 9 7 10 0 12 5 3 28 12
"g409" 0 0 1 0 6 6 37 0 70 20
"g410" 15002 6974 6048 7227 5293 12420 21513 20910 29322 18405
"g411" 867 272 530 229 673 1437 905 1578 1103 907
"g412" 25 1 0 0 66 0 2 1 0 0
"g413" 1319 847 829 1019 1318 2662 3378 2492 3193 3107
"g414" 382 252 293 279 157 503 363 407 358 269
"g415" 1050 459 840 303 772 1513 2991 2788 3105 2268
"g416" 261 52 120 106 211 174 288 165 289 174
"g417" 7 4 9 13 14 24 55 57 29 13
"g418" 9 13 30 20 23 34 33 35 63 58
"g419" 704 1986 146 761 2097 2409 5009 1873 7998 2866
"g420" 67 42 10 87 84 117 50 54 63 79
"g421" 15 25 7 16 4 33 24 33 37 26
"g422" 444 285 265 752 438 773 948 1003 1408 1353
"g423" 2 0 17 2 21 1 4 0 18 90
"g424" 3825 2165 2573 2509 3191 9142 12961 8243 10673 8711
"g425" 1013 1308 1408 1617 1079 3442 3569 2738 2852 3861
"g426" 201 181 243 197 163 320 927 675 815 745
"g427" 35 262 66 76 70 282 337 349 62 236
"g428" 3041 1114 1920 1963 1334 4215 7182 6249 6877 5345
"g429" 22 96 0 4 0 37 1 0 60 45
"g430" 1964 1849 1541 1362 1153 2115 2881 3174 4239 2378
"g431" 2 2 2 0 1 4 3 3 1 1
"g432" 73 30 67 69 52 250 220 70 57 97
"g433" 35 66 77 56 51 95 135 8 233 231
"g434" 32 18 11 19 27 68 47 64 62 40
"g435" 187 65 100 147 170 123 478 291 338 274
"g436" 96 80 88 58 96 158 270 128 175 242
"g437" 1527 1799 1359 1288 1356 5408 9397 2975 7073 5635
"g438" 502 318 251 268 316 528 1312 665 1211 790
"g439" 2622 1557 1348 1501 1060 1808 3538 1636 3787 3148
"g440" 50 72 91 79 98 129 221 141 68 145
"g441" 25 14 51 37 24 99 100 59 126 39
"g442" 2263 1011 1693 1698 1528 3767 4569 4805 4651 6207
"g443" 1229 537 452 570 606 4528 6083 3170 3501 4544
"g444" 1028 344 655 898 983 688 3255 892 3381 1777
"g445" 37 32 57 30 20 89 66 63 101 188
"g446" 91 61 44 21 17 169 69 81 78 23
"g447" 115 596 13 289 60 636 1642 980 2964 808
"g448" 41 5 16 6 15 30 90 90 51 84
"g449" 21 11 93 103 68 46 123 93 218 169
"g450" 464 434 138 141 204 601 1434 1796 1830 1763
"g451" 280 279 250 118 336 498 817 1116 1151 1136
"g452" 53 3 26 14 17 29 48 55 57 82
"g453" 614 289 486 584 425 886 1251 810 1053 1220
"g454" 990 825 349 576 368 589 891 537 1855 1192
"g455" 61 44 17 34 29 85 339 124 189 77
"g456" 21 34 42 187 34 315 230 207 68 285
"g457" 219 162 129 119 179 227 280 107 243 254
"g458" 98 335 235 947 427 374 473 1071 1469 1246
"g459" 545 391 283 328 673 464 849 770 591 729
"g460" 405 378 354 590 579 2047 3510 1162 3743 1243
"g461" 6647 3051 4657 7530 7317 9586 19399 10536 25687 9431
"g462" 42 38 23 29 32 132 87 60 211 132
"g463" 1240 284 302 585 520 934 2330 2107 1467 665
"g464" 330 141 77 136 307 331 743 398 728 704
"g465" 264 357 301 365 616 899 936 632 404 405
"g466" 42 29 68 12 60 65 417 243 42 27
"g467" 73 52 54 67 69 91 100 123 178 101
"g468" 2 0 9 6 2 5 4 4 4 10
"g469" 4 6 1 1 1 8 4 0 2 6
"g470" 108 90 160 82 29 45 18 17 123 147
"g471" 1240 513 840 828 1059 1222 3454 1460 5244 2426
"g472" 507 176 73 428 115 312 851 84 388 186
"g473" 45 14 21 5 70 145 128 100 134 365
"g474" 2585 1208 1737 906 619 1680 2265 2640 1896 2884
"g475" 1194 971 856 732 917 4750 5495 4002 3389 3852
"g476" 0 20 0 0 0 9 5 0 0 10
"g477" 8 7 13 13 3 65 78 20 16 25
"g478" 19 35 13 20 38 92 76 28 55 18
"g479" 254 70 104 56 71 190 431 216 113 238
"g480" 13 10 10 20 20 26 32 30 21 23
"g481" 665 352 845 848 897 1253 909 858 2877 530
"g482" 127 129 39 172 86 295 656 123 598 257
"g483" 6 0 4 0 0 66 32 7 18 23
"g484" 0 17 31 11 17 0 2 13 371 0
"g485" 319 131 249 90 203 697 468 727 916 629
"g486" 4 0 3 5 1 6 9 6 10 6
"g487" 38 27 39 40 34 104 205 106 199 108
"g488" 67 58 35 79 62 112 148 104 160 130
"g489" 8 11 5 20 15 142 37 53 203 143
"g490" 3189 975 410 2441 2779 3545 2752 419 5383 567
"g491" 4 0 7 2 1 4 2 2 1 22
"g492" 347 244 215 556 491 691 852 893 1253 1271
"g493" 1080 849 817 791 781 2081 4568 3165 4832 4106
"g494" 1957 1957 1228 1235 3010 4439 7548 2732 7654 5271
"g495" 42 1 0 5 1 0 153 7 19 27
"g496" 79 116 67 77 125 252 519 69 196 227
"g497" 2827 1874 3074 1809 1756 8721 18908 7442 12967 8467
"g498" 8 4 0 8 8 4 17 11 23 29
"g499" 17 13 13 18 8 11 19 7 61 10
"g500" 51 38 44 25 57 45 44 29 78 75
"g501" 161 125 80 138 137 300 436 378 470 368
"g502" 0 0 2 1 2 0 7 0 0 1
"g503" 7 7 5 12 1 8 3 1 5 2
"g504" 361 214 171 301 226 1063 1060 655 1244 1045
"g505" 1 0 2 3 0 0 46 1 13 6
"g506" 59 38 9 250 248 82 139 11 280 130
"g507" 1101 835 769 1050 1162 3299 5215 2611 4302 4890
"g508" 8622 5316 4536 10454 8618 35430 28912 22975 48465 23018
"g509" 576 670 225 234 377 685 1703 2325 1820 779
"g510" 7478 4910 5197 6157 8119 19331 28369 21175 21983 25127
"g511" 324 329 250 434 182 195 509 418 487 311
"g512" 49 92 48 81 95 300 360 470 186 287
"g513" 127 20 21 47 42 177 143 620 111 582
"g514" 77 29 39 40 41 238 242 107 67 167
"g515" 9 0 3 4 3 8 7 7 13 2
"g516" 15 1 4 29 8 29 55 1 51 19
"g517" 520 1200 566 356 351 199 1860 1163 583 1406
"g518" 3085 2656 3013 3101 2392 4867 9248 6025 9928 7562
"g519" 2 0 6 9 0 1 21 1 6 0
"g520" 723 1050 519 1023 1148 2410 2051 923 1334 3436
"g521" 444 231 311 299 347 762 866 793 860 507
"g522" 2090 2754 3239 2780 3743 5627 10442 3060 6739 2779
"g523" 190 99 110 137 184 467 474 334 587 374
"g524" 590 301 322 488 406 348 1392 958 430 579
"g525" 451 221 404 225 388 1200 1254 1105 1268 952
"g526" 734 1028 597 678 766 1012 1699 981 1228 1044
"g527" 22975 16991 17963 23574 15549 29807 39371 24961 49114 43330
"g528" 3 0 0 5 3 6 19 4 4 1
"g529" 3 2 2 0 7 6 15 9 5 8
"g530" 1575 694 11 288 190 107 1306 934 953 729
"g531" 4 5 11 8 2 11 3 6 1 26
"g532" 1705 1038 761 1321 1009 3145 4580 2517 4623 3120
"g533" 1317 622 662 1048 1215 957 3988 1310 1788 2121
"g534" 13860 11110 14628 15085 22832 32529 40307 18851 16594 22844
"g535" 434 234 417 194 322 729 629 833 881 753
"g536" 2 18 12 16 3 108 45 39 28 171
"g537" 1298 961 1264 1723 1662 2793 6934 5350 7538 5525
"g538" 544 570 344 466 290 612 1444 456 1290 1080
"g539" 416 127 129 427 104 319 642 74 1072 272
"g540" 1331 712 288 498 512 1961 3837 2211 4814 2802
"g541" 1479 963 891 1572 849 2837 6099 4250 4383 4296
"g542" 120 133 149 135 104 158 243 157 175 275
"g543" 41 38 37 49 29 93 195 118 129 58
"g544" 14 30 40 34 30 152 22 12 165 65
"g545" 13 16 25 44 12 76 84 86 65 213
"g546" 3401 2866 3427 2365 1957 8251 11487 7310 10085 6048
"g547" 295 111 243 73 343 244 692 136 303 693
"g548" 1925 1320 1354 1433 1723 2660 3514 1848 3264 2711
"g549" 200 75 145 154 167 438 1634 948 293 345
"g550" 453 260 470 282 201 404 659 385 1388 1043
"g551" 139 22 189 138 211 230 458 475 347 315
"g552" 122 118 83 14 84 28 48 89 43 45
"g553" 143 74 97 144 124 224 199 92 329 178
"g554" 1 0 3 2 4 13 3 4 1 6
"g555" 77 62 78 107 82 174 262 182 170 183
"g556" 401 478 586 1000 546 2582 4945 4061 3950 3439
"g557" 163 217 262 0 23 0 57 77 277 8
"g558" 35 13 24 3 12 31 9 24 11 5
"g559" 679 340 353 486 274 566 1218 1359 2225 2029
"g560" 844 758 456 277 333 2539 3841 2889 6162 2396
"g561" 158 112 105 114 183 140 287 231 452 303
"g562" 210 22 41 30 329 293 477 514 481 284
"g563" 310 151 135 136 181 421 483 301 376 407
"g564" 27 5 18 25 5 82 199 68 68 275
"g565" 2663 1626 2448 2115 2060 4967 8822 4692 7403 6590
"g566" 1 3 3 4 1 7 5 7 21 6
"g567" 1581 1163 1401 1441 1807 3022 4756 3319 4021 3287
"g568" 8 4 10 11 1 24 54 16 29 16
"g569" 7 0 0 4 55 0 2 17 1 295
"g570" 3 0 5 3 0 18 5 2 6 2
"g571" 79 91 109 89 62 104 600 210 390 277
"g572" 52 33 38 33 29 127 211 161 252 240
"g573" 224 61 53 87 104 374 446 431 376 93
"g574" 38 4 10 11 13 29 17 62 41 31
"g575" 46 11 33 25 54 96 79 68 130 77
"g576" 103 24 18 98 92 85 311 42 429 174
"g577" 997 673 1573 1336 1739 4845 778 1830 5822 2955
"g578" 29 14 19 21 29 44 140 85 131 79
"g579" 231 189 173 236 336 339 1014 259 777 510
"g580" 3 0 3 4 1 6 8 1 4 5
"g581" 0 0 21 56 8 26 0 12 230 0
"g582" 648 749 566 510 615 2228 4324 1193 7960 2394
"g583" 159 122 55 179 153 165 166 331 295 229
"g584" 2 0 0 4 0 4 23 0 12 23
"g585" 592 689 324 775 890 1323 1502 3705 5383 924
"g586" 160 193 102 102 173 683 1064 823 943 723
"g587" 5403 4428 4155 3901 3082 5665 6890 11153 10293 6821
"g588" 8 12 6 8 14 4 31 20 9 9
"g589" 352 149 236 284 280 1056 1236 364 1078 1016
"g590" 81 38 32 31 71 74 208 87 172 56
"g591" 330 317 313 493 219 951 2308 799 1567 1045
"g592" 47 27 78 61 29 65 256 84 40 115
"g593" 269 90 589 243 486 874 317 156 1203 1127
"g594" 1653 1042 1306 1280 1141 2491 4288 2180 4944 3703
"g595" 754 225 406 486 372 954 2298 541 980 682
"g596" 25 54 29 39 22 81 93 27 99 38
"g597" 36 0 7 44 12 24 41 11 25 11
"g598" 175 64 115 176 167 233 217 111 158 300
"g599" 254 238 175 396 128 484 778 475 298 509
"g600" 216 142 229 158 187 304 609 386 361 321
"g601" 13 0 16 0 19 11 6 44 38 0
"g602" 9 9 15 22 0 0 0 33 29 2
"g603" 917 640 385 248 785 1586 2142 1886 2944 2113
"g604" 36 5 14 25 43 50 56 4 32 27
"g605" 1120 796 1116 970 1737 8673 2399 5213 3065 1947
"g606" 21 29 13 33 62 17 110 18 28 32
"g607" 285 124 41 426 197 471 276 152 651 533
"g608" 256 277 206 287 267 641 1826 816 1100 1073
"g609" 68 42 41 45 17 223 299 167 302 216
"g610" 95 124 201 174 114 408 648 451 377 583
"g611" 474 336 385 357 299 1360 1885 471 1549 1549
"g612" 2013 1438 1547 1630 1493 3417 6882 4828 5589 3503
"g613" 8596 4898 6635 11068 6308 14226 29149 20163 30527 16547
"g614" 1 2 4 4 0 5 10 6 7 6
"g615" 1535 419 769 924 613 2761 2400 1908 4141 4264
"g616" 29 18 64 82 64 92 373 109 123 18
"g617" 258 374 179 404 282 424 905 560 1083 160
"g618" 534 553 655 716 319 570 834 1320 2014 1044
"g619" 563 222 695 623 474 1080 2486 1351 1739 1513
"g620" 5 4 29 7 26 7 26 30 28 29
"g621" 950 722 705 1025 502 1603 1938 1522 2534 1841
"g622" 6402 4853 2106 2315 3319 3988 9240 7729 7838 10904
"g623" 5 7 5 3 48 71 39 19 73 7
"g624" 84 82 113 38 134 73 207 137 87 151
"g625" 60 29 42 31 72 50 42 71 42 45
"g626" 238 160 130 102 224 247 466 270 280 200
"g627" 5 2 7 3 3 2 5 4 9 2
"g628" 20 8 7 12 9 9 38 23 42 11
"g629" 1441 1028 1096 1703 931 895 1652 1817 2709 2440
"g630" 1747 1720 2298 1749 2141 7733 11036 9023 11595 10328
"g631" 2 3 11 1 5 49 47 24 10 15
"g632" 13 19 20 22 5 106 22 11 15 25
"g633" 320 92 175 177 76 139 166 148 226 382
"g634" 7 9 16 2 13 58 155 61 57 122
"g635" 62 108 192 30 71 622 332 253 572 181
"g636" 1878 1099 1432 1060 1364 2605 4269 2715 3842 3084
"g637" 67 35 51 54 43 89 234 110 174 148
"g638" 2228 2443 3286 3008 1958 6259 8128 10948 15195 9393
"g639" 32 28 16 49 5 65 38 27 130 57
"g640" 0 4 8 3 2 2 45 9 9 0
"g641" 9 2 11 3 5 23 16 12 12 4
"g642" 10 6 4 1 5 15 37 7 27 18
"g643" 306 269 436 218 182 1627 1457 961 1536 1221
"g644" 6 1 1 2 8 3 4 7 9 22
"g645" 103 47 73 73 39 97 291 107 167 140
"g646" 10 3 1 0 1 10 0 10 7 0
"g647" 39 50 74 24 28 40 84 79 29 88
"g648" 16 17 7 20 20 72 111 78 37 70
"g649" 450 432 369 669 532 1298 987 1466 1149 1019
"g650" 1180 542 1051 890 1295 2425 3182 1950 2358 2764
"g651" 2 1 0 1 1 9 7 3 4 4
"g652" 51 29 67 46 73 40 184 101 30 153
"g653" 20 8 20 16 18 3 87 45 111 0
"g654" 577 542 280 377 393 780 1087 1154 990 829
"g655" 66 31 64 49 55 78 115 49 115 80
"g656" 1 0 2 6 0 0 7 1 0 37
"g657" 10 16 8 7 29 33 100 38 30 58
"g658" 117 565 164 182 295 1543 382 1728 1730 874
"g659" 310 401 280 460 313 431 562 331 556 660
"g660" 1823 892 729 255 1616 1635 465 482 1954 1585
"g661" 9 4 2 11 6 7 67 2 0 1
"g662" 97 79 106 107 176 212 158 213 208 281
"g663" 16 16 15 10 8 32 16 14 39 53
"g664" 325 187 25 120 329 359 462 188 813 357
"g665" 11 1 0 2 0 14 13 1 15 5
"g666" 168 259 267 1050 60 1916 3543 1886 4264 1083
"g667" 0 0 1 0 1 72 34 6 1 6
"g668" 1283 839 381 1369 838 1923 3511 1384 1057 1506
"g669" 48 43 26 43 57 295 527 324 226 204
"g670" 65 58 59 251 81 230 201 139 149 361
"g671" 21 5 12 20 14 63 119 101 175 58
"g672" 3 2 0 9 13 4 14 3 12 20
"g673" 338 149 218 303 178 323 572 567 369 317
"g674" 1024 624 697 696 694 810 1467 895 1494 1234
"g675" 58 14 49 23 25 493 343 397 838 97
"g676" 2540 1011 1679 1823 1833 7413 6382 4232 4853 5427
"g677" 1 6 5 2 0 2 25 1 7 7
"g678" 0 0 1 6 0 4 66 1 9 9
"g679" 32 1 6 0 0 0 19 4 1 10
"g680" 373 61 95 1 3 121 906 889 57 1572
"g681" 53 10 11 60 23 27 99 32 59 52
"g682" 28 8 15 9 13 16 12 15 14 18
"g683" 100 153 233 87 365 424 604 440 703 351
"g684" 248 186 212 279 357 439 467 395 539 509
"g685" 2069 1526 608 1056 1296 1663 5171 3416 4146 2313
"g686" 104 93 84 73 79 181 272 65 239 221
"g687" 600 266 276 356 167 932 653 1054 970 789
"g688" 7 7 10 8 7 49 39 39 55 23
"g689" 1746 528 543 512 678 3520 7870 3303 1249 3010
"g690" 33 41 34 74 26 143 185 114 116 231
"g691" 69 24 24 92 86 300 404 651 643 665
"g692" 67 113 55 62 77 102 138 91 115 117
"g693" 20 9 9 5 17 26 50 41 44 15
"g694" 4 3 1 1 2 4 4 4 1 3
"g695" 1050 833 790 721 732 1095 1342 821 1488 1311
"g696" 29 23 18 13 17 46 42 38 70 30
"g697" 29 22 26 44 30 46 138 44 56 23
"g698" 96 26 45 46 6 33 628 460 365 451
"g699" 6 0 3 1 1 1 13 2 4 11
"g700" 174 96 26 74 45 75 463 336 637 371
"g701" 176 48 54 21 45 116 175 159 150 258
"g702" 19 7 18 5 9 33 57 45 39 37
"g703" 54 20 127 73 148 151 230 217 100 274
"g704" 658 628 673 720 747 2055 2517 2396 3374 2283
"g705" 2 1 4 1 2 11 9 2 7 6
"g706" 531 833 321 199 431 1453 1554 678 649 1247
"g707" 0 12 0 1 4 18 7 16 11 25
"g708" 3 8 4 3 2 6 1 6 3 2
"g709" 1657 782 1293 1115 1393 3379 5024 3202 5133 3474
"g710" 1138 597 1149 844 668 1467 1586 1917 2300 1668
"g711" 2 1 0 2 0 4 5 1 6 6
"g712" 3 29 25 56 40 334 297 225 243 320
"g713" 48 40 54 30 20 199 129 77 95 58
"g714" 164 143 163 204 293 471 936 842 2182 338
"g715" 9523 5437 6351 7432 8502 37598 47846 37914 38652 49156
"g716" 88 39 63 56 49 135 590 161 134 267
"g717" 1657 1460 1155 1259 1471 9009 14348 8051 11310 9978
"g718" 125 632 718 305 481 1187 4622 1716 1626 1016
"g719" 405 484 411 587 549 882 974 659 1658 2036
"g720" 3476 2577 3081 3547 2277 5705 8488 4561 8943 6486
"g721" 81 84 37 32 51 83 135 100 213 53
"g722" 1453 1218 572 1037 575 3153 2061 1539 2152 1702
"g723" 2593 1861 2122 3142 1814 5592 6055 5962 9159 6072
"g724" 334 479 453 264 422 849 982 337 888 987
"g725" 221 104 178 285 118 440 321 129 456 342
"g726" 26 15 45 11 25 38 81 36 94 63
"g727" 798 574 557 923 614 1231 1864 1291 2126 907
"g728" 2057 1130 1238 564 2523 2520 6189 3666 7717 4345
"g729" 17 13 1 18 6 40 61 18 39 26
"g730" 1306 1144 225 1384 683 2514 8396 1848 6556 7287
"g731" 13 38 30 4 5 43 25 7 154 49
"g732" 2070 1737 2230 2151 1898 4022 4572 3792 4950 2401
"g733" 0 2 13 21 0 3 1 6 7 26
"g734" 474 294 255 413 312 2444 3116 2204 2818 3235
"g735" 11 16 14 7 12 38 58 62 57 73
"g736" 1386 1935 1144 1765 1247 4485 5829 3575 7098 2982
"g737" 794 716 550 925 584 2091 4892 2209 2392 2149
"g738" 22 52 0 3 0 3 206 30 74 155
"g739" 8 0 4 5 13 5 14 19 10 24
"g740" 258 183 181 290 234 614 877 661 903 714
"g741" 1207 570 458 792 758 1260 1442 1072 2433 1872
"g742" 52 242 346 244 262 269 833 303 780 476
"g743" 2018 962 1493 1052 1585 1468 2464 1862 3078 2137
"g744" 6 3 3 3 5 14 24 13 19 13
"g745" 0 5 2 0 3 2 4 2 47 1
"g746" 220 189 160 165 221 413 528 254 381 449
"g747" 137 86 63 123 124 186 124 184 193 200
"g748" 4405 3103 3853 2303 3806 5384 8771 5032 9434 5424
"g749" 63 101 49 33 128 256 244 338 331 306
"g750" 599 1359 662 620 483 831 866 306 528 1259
"g751" 417 297 300 386 556 184 336 171 210 354
"g752" 160 76 148 117 129 58 46 42 50 52
"g753" 1649 1265 2285 569 1039 346 476 421 520 390
"g754" 19 3 9 9 15 11 9 4 2 10
"g755" 780 515 293 1087 2305 295 168 130 1366 16
"g756" 596 269 563 275 435 51 7 25 31 79
"g757" 567 566 591 1111 286 299 220 396 150 253
"g758" 25 13 4 28 81 28 40 4 6 16
"g759" 26 26 19 25 37 3 8 4 14 5
"g760" 18 3 4 14 44 2 23 5 6 22
"g761" 69 28 25 64 21 15 13 18 25 25
"g762" 2714 1158 1586 1620 1140 1053 1212 918 1129 1077
"g763" 222 140 143 101 84 88 143 88 211 118
"g764" 214 298 128 132 202 109 148 59 112 107
"g765" 1 3 0 2 0 0 1 0 1 2
"g766" 193 157 52 147 349 41 80 93 95 110
"g767" 6 4 3 10 2 2 5 4 1 2
"g768" 6561 3427 5666 4664 5908 2716 3253 2190 2367 2560
"g769" 0 374 162 5 113 0 1 10 3 442
"g770" 1 5 8 11 15 1 0 0 0 0
"g771" 53 100 90 52 78 46 60 14 10 25
"g772" 637 332 312 538 280 87 175 118 82 100
"g773" 56 99 111 65 35 18 27 12 16 43
"g774" 57 48 24 34 44 17 41 40 49 22
"g775" 1 0 1 1 3 2 1 0 0 3
"g776" 110 104 23 5 1 13 43 0 3 2
"g777" 454 358 344 223 160 25 137 119 246 157
"g778" 33 69 61 189 132 5 38 87 107 57
"g779" 1225 847 584 1030 1037 568 593 397 377 970
"g780" 2294 632 1701 405 1005 1700 792 252 849 980
"g781" 3 0 0 6 1 0 0 3 0 1
"g782" 75 55 10 72 27 14 2 42 54 32
"g783" 24 14 9 19 35 2 9 4 13 9
"g784" 90 76 43 48 61 35 66 46 124 49
"g785" 3297 2527 2910 2644 1711 1473 1347 1002 1575 1488
"g786" 0 1 7 15 21 3 4 4 5 5
"g787" 414 369 75 221 309 47 138 111 378 133
"g788" 7133 5369 4892 4784 3968 2650 1725 2875 3120 1979
"g789" 2643 1925 2558 2536 3253 1165 1491 783 1174 953
"g790" 473 452 811 662 792 280 375 234 293 290
"g791" 1046 1711 1199 1459 1211 482 715 394 646 712
"g792" 25 9 8 67 20 0 26 3 5 4
"g793" 629 587 506 843 634 355 513 394 600 280
"g794" 488 453 541 392 1228 388 550 470 683 229
"g795" 639 438 456 510 554 246 495 275 289 262
"g796" 3 7 10 5 16 8 6 3 0 11
"g797" 25 22 3 16 19 7 15 7 5 8
"g798" 905 361 416 543 405 210 268 223 332 234
"g799" 0 0 1 0 0 0 1 0 1 0
"g800" 2 3 4 7 2 0 0 1 2 0
"g801" 7 1 8 12 5 0 5 5 7 5
"g802" 4 7 1 0 2 3 3 0 2 2
"g803" 29 12 3 4 5 3 1 2 3 3
"g804" 22 0 0 65 102 2 64 86 10 2
"g805" 194 247 115 149 193 30 55 47 59 45
"g806" 3 28 5 24 4 5 8 8 5 30
"g807" 560 630 577 555 744 219 324 269 360 322
"g808" 0 10 2 1 0 0 0 2 1 0
"g809" 14 1 3 13 11 1 1 8 14 8
"g810" 34 16 7 12 28 18 16 30 34 8
"g811" 272 164 258 136 155 55 70 40 80 55
"g812" 225 235 213 324 274 82 224 84 147 295
"g813" 43 42 24 37 83 5 42 12 28 42
"g814" 3 1 10 1 0 1 3 0 0 3
"g815" 3 2 1 2 0 2 1 0 3 3
"g816" 16 2 10 14 19 1 9 6 12 14
"g817" 2068 2096 1547 1471 1215 387 1076 628 1409 498
"g818" 82 54 10 29 81 12 28 4 19 2
"g819" 2219 2184 1847 2755 3616 373 877 1354 529 791
"g820" 6927 8130 9318 4653 9142 7657 9933 2795 3368 5925
"g821" 5 5 5 6 7 0 3 1 3 3
"g822" 226 153 156 116 152 61 166 96 125 130
"g823" 880 478 725 735 873 113 228 273 377 265
"g824" 14 69 51 108 58 62 84 83 66 50
"g825" 14 13 7 19 13 1 4 1 3 1
"g826" 36 20 18 46 60 5 13 34 4 39
"g827" 262 1855 313 1022 594 280 902 163 423 41
"g828" 1123 825 969 964 1127 832 835 407 394 552
"g829" 1467 1364 1295 1552 964 542 872 634 796 793
"g830" 2 2 5 0 1 0 0 2 1 0
"g831" 1302 809 1335 1312 816 321 318 241 365 308
"g832" 901 681 693 745 803 286 450 387 509 500
"g833" 1148 2389 1737 2116 1286 659 742 602 513 367
"g834" 5 0 11 1 33 0 0 0 0 0
"g835" 62 12 5 21 8 11 24 22 16 5
"g836" 551 540 566 368 467 170 453 246 291 193
"g837" 290 224 356 275 223 46 78 32 72 49
"g838" 3091 1251 2530 1464 3739 656 690 387 800 387
"g839" 27 2 9 37 113 1 61 25 43 61
"g840" 441 393 522 526 506 99 585 187 201 194
"g841" 1 4 2 0 2 1 2 0 0 3
"g842" 341 137 144 332 280 153 387 173 244 161
"g843" 12 0 24 4 1 0 0 1 9 4
"g844" 311 557 549 364 1119 125 197 167 365 280
"g845" 90 24 54 17 20 1 10 5 5 14
"g846" 16 27 29 41 23 11 18 25 8 23
"g847" 0 0 0 16 0 0 0 0 0 0
"g848" 118 64 60 58 60 37 66 27 30 17
"g849" 59 29 16 93 177 49 2 17 35 62
"g850" 769 756 556 609 679 271 435 284 513 361
"g851" 1817 1140 1446 1598 1625 1019 896 664 912 1240
"g852" 3 5 1 1 2 1 0 0 1 3
"g853" 51 62 12 5 48 31 56 26 24 62
"g854" 42 32 31 53 64 58 30 22 16 15
"g855" 240 168 173 179 143 82 111 58 129 102
"g856" 282 24 232 69 160 23 3 38 24 36
"g857" 6 10 8 1 10 3 2 7 5 10
"g858" 0 0 2 0 0 2 0 7 5 0
"g859" 8 8 12 20 23 8 15 6 17 11
"g860" 278 66 331 342 95 70 30 6 39 73
"g861" 4 13 6 4 12 7 3 7 9 8
"g862" 4 3 5 2 5 1 2 1 0 4
"g863" 0 3 3 10 24 21 13 4 4 4
"g864" 22 6 3 17 20 1 3 7 30 4
"g865" 58 15 8 17 29 7 19 16 9 15
"g866" 8 8 6 7 7 3 6 2 1 3
"g867" 4 31 17 12 15 0 0 2 0 4
"g868" 190 129 125 88 99 72 91 63 58 105
"g869" 104 21 61 46 25 4 24 18 11 8
"g870" 458 509 560 208 418 103 234 134 162 241
"g871" 150 207 181 170 258 87 54 118 129 164
"g872" 72 83 32 137 63 40 97 28 162 29
"g873" 3524 2100 1955 1299 1220 325 935 753 404 290
"g874" 10 7 5 6 7 2 6 3 3 3
"g875" 144 109 62 139 162 38 79 24 72 16
"g876" 36 49 103 57 42 15 32 13 33 5
"g877" 37 46 333 18 28 7 67 2 111 16
"g878" 36 35 33 15 28 10 17 12 17 27
"g879" 15 19 13 11 11 2 5 5 22 7
"g880" 5302 1864 3812 2673 3740 582 1047 571 1057 580
"g881" 28 13 25 8 27 4 6 3 6 5
"g882" 52 21 25 58 34 15 18 7 3 22
"g883" 2148 2380 2755 3263 4690 1607 2277 2352 2553 2337
"g884" 1124 869 1060 1331 748 654 1737 1410 682 941
"g885" 92 64 68 94 83 60 25 81 43 94
"g886" 21 9 13 7 19 1 8 0 3 1
"g887" 26 14 8 7 14 3 16 1 5 6
"g888" 43 42 69 65 32 26 12 21 7 18
"g889" 0 0 2 2 0 0 0 1 1 2
"g890" 17 13 15 10 23 4 6 3 3 4
"g891" 56 32 68 53 15 30 51 15 7 6
"g892" 11 7 6 2 3 0 4 1 1 3
"g893" 1818 1315 1764 1847 1290 562 518 1106 1040 822
"g894" 248 365 106 155 204 258 444 86 274 249
"g895" 451 292 343 346 383 188 340 263 280 195
"g896" 1107 684 573 1032 1238 465 956 476 605 623
"g897" 1422 1020 637 1101 708 305 207 114 298 157
"g898" 545 392 343 438 392 151 277 146 225 105
"g899" 345 347 192 80 325 48 56 129 123 122
"g900" 19 4 2 10 2 11 6 6 3 6
"g901" 1 3 33 36 70 15 33 3 1 1
"g902" 39 69 59 60 34 50 86 58 49 63
"g903" 106 59 89 50 161 19 38 36 59 12
"g904" 3 31 88 0 47 39 13 310 9 67
"g905" 6 3 2 2 4 0 1 4 4 3
"g906" 38 16 20 31 38 7 40 20 20 20
"g907" 11 3 2 2 15 0 5 3 2 0
"g908" 295 195 337 240 236 150 95 88 175 139
"g909" 98 144 76 61 194 58 88 59 110 29
"g910" 4463 2198 2110 1277 1529 647 1000 184 534 395
"g911" 8 10 26 84 16 3 22 3 49 7
"g912" 439 206 396 384 268 107 139 123 167 98
"g913" 2 0 4 2 9 1 0 6 4 4
"g914" 2379 884 858 1673 1132 543 420 679 753 1034
"g915" 8 8 31 29 11 6 8 9 13 24
"g916" 59 36 29 50 46 29 27 9 32 31
"g917" 2143 869 1079 1878 1294 168 566 457 557 396
"g918" 104 49 9 14 145 152 237 44 253 80
"g919" 977 580 818 449 699 141 191 143 227 89
"g920" 1591 982 1088 881 1001 502 1062 825 863 568
"g921" 3443 4322 3894 4227 5076 2292 3123 1981 4029 3850
"g922" 26 3 20 4 44 10 1 11 10 19
"g923" 5 7 2 2 0 4 5 0 5 2
"g924" 0 0 0 3 1 0 1 1 0 0
"g925" 1066 631 455 239 293 61 223 188 179 270
"g926" 3952 4165 3166 2295 6051 2332 1589 1841 2344 2037
"g927" 10 13 30 16 25 7 7 2 12 10
"g928" 30 9 30 13 32 7 17 4 12 13
"g929" 508 350 252 268 316 129 211 81 205 159
"g930" 5 5 15 17 0 2 7 1 2 4
"g931" 10 20 3 8 6 5 8 0 4 13
"g932" 35 2 28 24 15 21 13 7 13 6
"g933" 80 238 113 310 172 92 110 238 132 113
"g934" 355 290 231 222 353 88 136 156 170 114
"g935" 1 4 1 0 0 0 0 1 0 1
"g936" 0 2 5 3 1 0 3 0 1 2
"g937" 0 1 0 11 0 0 21 14 34 0
"g938" 629 294 257 420 109 25 73 24 99 23
"g939" 315 185 156 287 196 76 89 107 85 105
"g940" 840 901 554 618 545 256 350 241 389 326
"g941" 2692 1206 2013 1989 2348 914 1266 811 1185 1271
"g942" 1706 924 684 1071 1233 287 550 251 342 335
"g943" 0 1 23 4 3 2 2 3 7 0
"g944" 163 84 116 274 129 39 100 60 68 19
"g945" 69 58 43 19 51 14 36 37 23 4
"g946" 0 8 4 2 0 0 0 0 2 3
"g947" 60 131 71 82 65 71 33 59 23 99
"g948" 2 7 2 3 9 3 7 4 4 3
"g949" 102 18 46 62 53 25 49 66 65 17
"g950" 619 566 403 656 493 292 948 321 429 640
"g951" 10 2 3 1 1 7 0 0 1 4
"g952" 6 11 9 10 13 6 9 11 10 5
"g953" 14 5 45 0 12 1 1 0 6 1
"g954" 582 484 386 1560 518 308 310 333 204 342
"g955" 8 0 0 13 1 13 7 8 13 1
"g956" 208 161 114 174 156 160 163 99 118 65
"g957" 0 4 4 1 2 2 10 6 4 1
"g958" 7 4 7 6 7 1 5 1 1 7
"g959" 38 14 21 24 11 1 8 1 6 6
"g960" 173 135 87 130 132 47 94 31 43 59
"g961" 488 372 570 671 438 142 329 101 379 178
"g962" 887 843 766 710 621 269 315 254 477 207
"g963" 2 71 263 433 104 41 34 153 37 49
"g964" 42 6 4 18 20 16 13 6 11 6
"g965" 2424 1833 1827 3122 3642 1539 1489 1305 1595 682
"g966" 7868 6624 5507 6223 5189 4347 2959 4710 5310 3561
"g967" 625 683 644 630 1674 589 859 294 200 129
"g968" 296 522 578 889 186 37 99 92 267 81
"g969" 171 130 240 87 214 178 143 181 118 23
"g970" 372 145 205 176 276 137 259 151 208 215
"g971" 6133 2170 2094 4279 4233 2728 1794 2216 2288 1893
"g972" 15 24 25 5 2 1 11 0 4 6
"g973" 41 120 62 70 41 18 48 10 20 26
"g974" 63 39 33 68 56 19 26 30 13 15
"g975" 11 9 16 23 18 7 2 6 13 13
"g976" 3188 3250 1162 1299 2112 721 686 793 1205 712
"g977" 889 716 1057 967 960 857 1111 579 878 929
"g978" 293 119 96 131 138 22 56 45 36 53
"g979" 265 82 86 137 107 122 247 134 191 58
"g980" 0 5 7 0 0 2 0 1 2 1
"g981" 21 27 11 19 26 9 17 3 14 7
"g982" 61 46 43 46 32 19 34 9 12 11
"g983" 18 2 8 10 14 7 9 7 3 6
"g984" 34 37 55 46 71 30 11 22 16 18
"g985" 137 187 979 865 142 113 78 155 121 255
"g986" 1342 1077 2068 6929 889 1306 1781 925 2149 542
"g987" 5 2 0 3 6 1 1 3 1 1
"g988" 35 85 103 7 159 51 26 35 95 56
"g989" 1709 2510 3318 1421 1958 1095 2905 1014 2208 2009
"g990" 422 299 283 440 336 151 78 152 198 182
"g991" 24 17 14 28 34 13 28 7 12 21
"g992" 8 1 4 22 4 19 11 8 0 10
"g993" 858 982 915 512 1190 271 621 274 844 446
"g994" 0 6 2 6 4 2 1 0 1 0
"g995" 172 89 88 123 167 40 35 14 63 44
"g996" 29 21 54 48 23 15 20 14 9 18
"g997" 11 4 14 15 6 0 2 1 7 2
"g998" 566 106 195 162 824 105 115 62 171 243
"g999" 7 11 10 2 25 5 19 2 25 0
"g1000" 296 139 306 238 501 206 121 118 200 257
"g1001" 31 33 10 46 4 5 25 10 18 10
"g1002" 1838 1606 1690 1375 1327 932 968 1184 1052 945
"g1003" 50 5 0 10 22 19 5 7 7 14
"g1004" 84 20 21 29 44 19 30 24 23 18
"g1005" 1424 530 681 873 480 353 259 159 360 122
"g1006" 10 3 7 10 11 3 6 2 5 3
"g1007" 64 25 26 41 29 18 24 40 31 28
"g1008" 226 75 338 158 159 138 111 82 87 48
"g1009" 952 642 621 435 729 513 741 342 519 426
"g1010" 1483 895 1383 3136 1586 582 1034 667 1140 673
"g1011" 515 530 250 425 313 233 567 200 472 332
"g1012" 353 172 167 368 227 183 183 235 161 124
"g1013" 794 704 622 714 780 257 552 325 374 323
"g1014" 7 24 17 24 33 42 8 4 19 4
"g1015" 6 1 3 2 9 0 2 2 0 1
"g1016" 745 512 670 574 631 482 718 388 499 393
"g1017" 74 108 83 143 57 33 83 95 47 73
"g1018" 446 214 176 319 270 211 474 205 311 178
"g1019" 12910 9492 2499 10119 4719 3036 7923 2600 3848 5342
"g1020" 47 19 51 52 49 14 21 26 28 26
"g1021" 54 10 6 6 34 0 4 1 8 8
"g1022" 72 29 41 67 63 28 72 42 47 29
"g1023" 2014 3310 2616 3786 4705 911 1991 1164 2525 1154
"g1024" 122 195 171 302 162 36 44 48 69 13
"g1025" 2 2 2 0 5 2 1 0 2 2
"g1026" 1605 408 600 527 399 144 557 118 504 423
"g1027" 85 30 49 24 41 21 31 12 39 36
"g1028" 15 6 108 34 71 3 11 8 4 7
"g1029" 221 123 86 121 93 74 146 82 76 53
"g1030" 1036 2183 550 1375 1013 246 736 586 582 880
"g1031" 5 10 3 7 3 4 12 0 13 8
"g1032" 3 2 5 3 7 0 0 1 0 1
"g1033" 2525 1444 1748 1373 1606 1057 2114 935 1716 1099
"g1034" 506 286 229 428 398 98 137 148 210 156
"g1035" 4572 4709 5443 3490 5392 1124 1483 896 2700 2418
"g1036" 24 16 21 14 20 8 29 14 14 8
"g1037" 307 280 291 210 100 194 294 147 142 117
"g1038" 695 340 173 714 784 162 110 169 76 147
"g1039" 771 474 398 793 609 350 539 320 511 456
"g1040" 547 257 467 442 416 240 307 80 136 112
"g1041" 206 334 226 359 234 60 112 126 124 87
"g1042" 12 1 0 20 0 9 4 3 7 11
"g1043" 3 0 2 2 0 1 0 1 2 1
"g1044" 1174 901 433 490 693 171 316 448 299 264
"g1045" 73 137 101 91 118 18 25 37 63 29
"g1046" 38 1 1 17 42 1 1 2 0 2
"g1047" 342 290 638 439 530 320 405 224 90 221
"g1048" 217 266 237 264 318 99 69 129 153 121
"g1049" 458 198 229 206 406 315 412 200 288 303
"g1050" 20 22 35 22 29 8 18 13 17 14
"g1051" 55 33 24 54 29 24 62 14 16 23
"g1052" 285 234 238 80 212 160 128 123 180 149
"g1053" 553 326 400 527 513 115 250 101 212 158
"g1054" 69 39 37 73 56 40 35 38 33 25
"g1055" 10 9 10 3 1 1 10 3 5 4
"g1056" 22457 11817 19696 26201 10442 12016 17422 9551 10971 15247
"g1057" 7 2 2 0 3 6 5 1 12 0
"g1058" 42 24 28 32 13 8 11 13 4 5
"g1059" 474 250 236 312 416 200 261 176 151 102
"g1060" 202 158 179 222 257 116 159 54 145 159
"g1061" 182 134 130 133 162 72 83 64 59 55
"g1062" 58 23 29 66 63 21 28 7 34 21
"g1063" 2571 1207 953 1441 1915 125 595 410 418 464
"g1064" 2630 1655 1941 2304 2407 942 2166 912 1407 1331
"g1065" 363 242 269 244 315 163 271 157 198 101
"g1066" 4 27 21 28 39 2 9 2 6 4
"g1067" 1719 1952 1523 1589 2163 849 977 746 1246 563
"g1068" 876 398 764 1644 1260 259 529 270 418 396
"g1069" 23 13 14 34 38 23 20 9 10 23
"g1070" 53 48 58 14 25 13 23 3 21 17
"g1071" 589 275 234 540 362 329 278 121 108 194
"g1072" 1437 967 1058 1232 796 604 895 353 911 669
"g1073" 1 1 0 0 0 0 0 1 0 0
"g1074" 297 1287 304 470 349 441 491 90 291 264
"g1075" 1035 453 429 470 477 158 364 128 224 68
"g1076" 4 5 7 6 3 1 0 2 4 0
"g1077" 366 638 580 544 2486 331 1038 294 1131 745
"g1078" 8 5 2 4 10 2 3 1 4 0
"g1079" 274 195 250 172 176 66 106 129 149 137
"g1080" 206 180 149 257 138 75 111 57 128 67
"g1081" 46 12 23 30 23 24 59 13 19 34
"g1082" 1209 1261 1326 998 1915 696 1631 802 1841 947
"g1083" 608 831 540 982 477 89 363 228 363 219
"g1084" 167 152 132 161 130 45 34 48 69 60
"g1085" 6 8 0 3 5 1 7 0 19 0
"g1086" 103 110 76 172 112 50 70 15 43 89
"g1087" 21 13 13 21 19 4 12 5 4 1
"g1088" 2741 2114 2261 1682 2400 1383 1898 1332 1432 1740
"g1089" 4 0 3 4 6 0 0 2 6 0
"g1090" 8 0 5 4 2 0 1 0 0 1
"g1091" 4751 1906 2167 2396 2073 1290 1484 853 1081 516
"g1092" 165 431 449 115 342 129 127 18 129 139
"g1093" 211 50 167 178 100 53 66 33 86 146
"g1094" 2413 2279 2258 1483 2847 737 755 663 975 452
"g1095" 1076 1076 986 1063 3260 413 949 854 1074 1239
"g1096" 288 157 156 253 204 93 100 57 86 105
"g1097" 155 83 73 100 124 53 94 26 68 72
"g1098" 4 4 0 9 2 0 1 2 7 1
"g1099" 467 654 321 498 904 222 248 226 171 284
"g1100" 553 275 349 295 331 171 185 233 232 83
"g1101" 0 0 0 0 2 0 3 1 3 1
"g1102" 315 231 201 111 188 123 216 85 159 104
"g1103" 534 345 361 420 456 102 158 113 218 147
"g1104" 74 201 168 72 105 123 133 44 89 135
"g1105" 2486 1149 1194 1226 968 705 1020 511 1045 765
"g1106" 1 0 1 2 0 0 0 0 0 2
"g1107" 6 4 8 4 11 1 8 5 7 7
"g1108" 2285 1627 2043 2819 2622 352 905 515 504 355
"g1109" 9 4 0 26 1 12 28 23 13 23
"g1110" 3 0 3 3 0 2 2 0 1 0
"g1111" 26 20 29 52 26 15 16 15 10 4
"g1112" 0 3 3 7 8 0 0 1 2 1
"g1113" 120 13 2 248 6 37 15 69 106 155
"g1114" 1928 1988 1594 1484 1302 1010 1626 1366 942 1275
"g1115" 48 32 60 48 61 37 39 17 73 19
"g1116" 1117 899 595 756 789 530 494 440 675 524
"g1117" 4401 1930 1831 3176 2390 926 1780 607 1215 1021
"g1118" 64 38 48 106 48 61 52 36 74 50
"g1119" 48 35 31 36 59 11 10 4 19 7
"g1120" 5 7 25 6 8 1 3 1 2 4
"g1121" 0 1 3 4 3 6 0 0 0 0
"g1122" 2654 621 1650 2074 2259 720 935 701 1083 518
"g1123" 89 98 46 60 65 15 17 7 42 29
"g1124" 259 210 169 129 171 80 129 93 101 81
"g1125" 364 130 100 173 90 196 65 5 40 84
"g1126" 73 80 30 46 35 26 67 20 35 34
"g1127" 44 45 36 53 46 8 7 7 6 4
"g1128" 82 119 72 34 51 29 92 49 114 44
"g1129" 49 16 22 27 33 7 2 25 6 6
"g1130" 42 43 46 33 36 7 4 3 1 3
"g1131" 0 6 3 3 2 3 3 1 1 2
"g1132" 14 7 8 15 19 14 15 6 12 7
"g1133" 25 10 8 11 36 8 19 12 3 3
"g1134" 1584 3132 2090 1450 3356 1110 1236 728 1797 726
"g1135" 2 17 5 58 1 0 17 2 10 6
"g1136" 190 99 96 291 119 92 187 89 139 104
"g1137" 22 10 18 17 27 3 16 16 16 13
"g1138" 1 2 1 1 0 0 1 0 0 1
"g1139" 30 0 0 22 7 37 12 5 0 11
"g1140" 303 192 403 146 212 69 124 65 46 106
"g1141" 28 4 26 16 25 1 110 32 6 1
"g1142" 3 3 1 1 0 0 1 1 0 1
"g1143" 1046 711 993 1084 668 514 1053 888 736 604
"g1144" 5007 4300 4753 5083 7279 1813 2576 1325 1911 1869
"g1145" 5 3 3 3 0 1 1 0 1 0
"g1146" 36 0 2 122 139 30 3 7 21 16
"g1147" 1232 436 749 319 748 153 427 349 381 484
"g1148" 1383 487 1042 798 844 386 428 494 546 393
"g1149" 1 1 8 0 5 4 1 3 5 5
"g1150" 292 65 116 141 114 89 109 77 57 90
"g1151" 12 8 6 1 12 8 2 4 4 6
"g1152" 25227 22964 32779 20391 21206 4368 8127 8516 8487 9775
"g1153" 984 499 661 436 1280 107 408 410 1600 647
"g1154" 3 6 6 7 2 6 5 0 0 3
"g1155" 569 304 491 334 381 134 427 156 187 329
"g1156" 132 478 533 99 101 98 889 329 506 235
"g1157" 212 179 158 71 478 36 202 21 47 127
"g1158" 2024 1421 1478 2649 2617 1339 1406 1295 1939 1442
"g1159" 3500 1723 2746 2396 2006 1017 1541 974 1381 1362
"g1160" 545 404 283 365 388 219 395 296 328 299
"g1161" 140 39 101 56 27 21 71 30 55 31
"g1162" 172 98 78 67 95 19 66 28 88 78
"g1163" 7 4 4 7 3 1 3 0 0 0
"g1164" 14 14 1 58 65 7 45 20 23 9
"g1165" 16 0 8 30 30 2 4 7 3 18
"g1166" 2013 1402 1424 1385 1253 795 1087 746 991 955
"g1167" 325 85 204 167 101 10 12 17 43 51
"g1168" 2785 3483 2282 2202 3531 905 2294 1599 2193 1065
"g1169" 3926 2688 6290 4173 5267 1382 2613 2225 3291 2683
"g1170" 1 2 1 7 3 7 7 2 7 0
"g1171" 17 17 13 9 29 8 4 5 20 10
"g1172" 50 65 92 38 83 65 45 65 27 78
"g1173" 3 2 3 5 2 1 2 2 1 2
"g1174" 80 129 65 170 115 92 158 61 101 86
"g1175" 1 3 0 1 4 3 8 2 3 11
"g1176" 14 4 9 1 0 3 0 0 2 0
"g1177" 246 108 195 117 42 101 92 11 5 3
"g1178" 13 7 4 14 14 3 4 6 3 3
"g1179" 3304 1755 4261 3204 1535 539 933 989 1488 2659
"g1180" 3689 1498 1837 1788 2169 531 904 570 743 548
"g1181" 482 282 465 662 320 169 183 137 323 199
"g1182" 1889 2187 1674 1461 1771 903 1600 1209 1596 1430
"g1183" 264 208 161 218 111 39 37 23 62 37
"g1184" 48 34 24 32 37 15 26 22 25 15
"g1185" 6 1 5 2 13 0 2 0 10 2
"g1186" 42 35 24 123 214 24 20 48 16 14
"g1187" 27 18 25 29 34 6 9 3 11 9
"g1188" 942 584 463 621 474 194 224 379 382 274
"g1189" 8 4 4 8 11 7 10 5 6 5
"g1190" 255 850 322 243 548 194 339 25 11 181
"g1191" 389 217 291 429 400 271 309 220 351 174
"g1192" 60 58 29 32 44 14 24 33 55 5
"g1193" 732 422 608 561 672 103 96 90 121 50
"g1194" 181 179 118 191 250 106 109 67 144 79
"g1195" 1 2 2 0 2 0 0 0 0 2
"g1196" 2769 1986 1129 910 1464 844 1029 445 1230 847
"g1197" 16 43 14 9 17 14 10 31 15 18
"g1198" 20 21 19 33 26 7 21 9 16 17
"g1199" 119 65 65 155 113 38 107 23 51 83
"g1200" 13 108 40 20 135 52 93 17 1 25
"g1201" 2303 1157 282 282 888 1082 473 374 353 622
"g1202" 18 4 7 4 17 1 3 3 6 0
"g1203" 2903 2468 1790 4601 3440 1060 1731 1327 2754 1828
"g1204" 290 345 345 338 378 84 127 104 115 61
"g1205" 271 111 226 140 198 64 116 74 54 112
"g1206" 180 150 241 283 188 127 147 115 200 237
"g1207" 27 20 72 7 21 21 9 7 6 9
"g1208" 5 15 14 51 40 17 0 26 36 7
"g1209" 40 25 6 14 27 2 10 22 46 8
"g1210" 0 1 1 0 2 0 1 0 0 0
"g1211" 13 7 4 3 8 0 3 2 5 1
"g1212" 1060 782 483 466 647 470 339 270 332 79
"g1213" 525 525 818 624 673 210 285 205 395 290
"g1214" 65 32 20 1 6 17 8 7 1 5
"g1215" 38 11 6 4 9 2 20 7 19 5
"g1216" 4 3 0 2 0 7 1 6 3 10
"g1217" 288 245 192 179 308 129 151 70 247 139
"g1218" 79 59 78 49 94 85 34 52 54 47
"g1219" 49 24 7 28 28 8 14 5 13 8
"g1220" 11 4 1 1 2 1 0 0 2 1
"g1221" 73 457 553 178 632 174 151 78 72 49
"g1222" 338 37 3 0 245 65 200 147 62 23
"g1223" 184 103 134 116 225 42 143 18 125 28
"g1224" 3268 1820 1017 907 3010 611 2351 519 2040 611
"g1225" 7330 7853 5134 3936 3552 2199 2116 1187 1984 1618
"g1226" 720 486 677 923 701 140 298 77 199 601
"g1227" 4 6 11 12 29 28 35 11 8 0
"g1228" 0 16 13 4 6 3 3 7 2 2
"g1229" 11627 9202 8644 11589 12335 6636 6168 3396 7256 4765
"g1230" 105 136 126 130 141 43 20 64 89 52
"g1231" 23 11 18 15 18 9 9 3 7 3
"g1232" 505 437 451 493 408 152 305 171 344 142
"g1233" 32 31 15 19 12 12 9 22 13 10
"g1234" 380 11 623 58 10 14 268 95 149 242
"g1235" 14 2 23 0 109 1 1 0 14 0
"g1236" 197 277 175 235 467 130 85 191 119 313
"g1237" 158 137 93 148 71 98 118 34 33 47
"g1238" 55 36 38 65 42 49 60 19 42 50
"g1239" 16 5 4 8 7 2 2 4 2 2
"g1240" 1331 681 791 1483 1062 569 652 386 518 595
"g1241" 132 85 134 60 103 32 71 48 53 83
"g1242" 4 2 1 0 4 1 1 2 2 1
"g1243" 29 5 4 9 16 5 8 5 5 7
"g1244" 1245 908 676 848 1129 573 882 663 949 588
"g1245" 455 320 375 302 378 204 248 298 468 287
"g1246" 388 287 183 176 231 206 198 206 239 142
"g1247" 73 138 172 53 329 25 18 38 10 106
"g1248" 14 17 58 44 4 16 48 10 21 4
"g1249" 3583 1477 2031 1755 2345 1164 1716 893 2113 1200
"g1250" 322 233 250 238 183 87 148 65 114 112
"g1251" 2064 1705 1910 1266 1595 895 1289 374 676 517
"g1252" 8 0 13 6 1 5 0 3 8 5
"g1253" 17 0 10 6 3 13 0 0 1 6
"g1254" 9214 6534 9001 5270 4813 5890 5696 4133 6772 4057
"g1255" 199 139 54 182 260 150 36 98 32 286
"g1256" 205 17 44 33 48 36 40 12 25 34
"g1257" 41 84 47 31 50 22 127 30 47 78
"g1258" 13 3 6 3 21 1 1 1 30 0
"g1259" 848 411 450 834 698 373 305 371 594 230
"g1260" 1251 2409 1138 851 2422 823 478 317 1974 782
"g1261" 196 206 285 334 157 176 159 139 301 214
"g1262" 3100 2635 1890 2577 2116 1410 1702 1565 1749 1772
"g1263" 12 0 7 1 7 2 0 0 2 3
"g1264" 89 75 35 51 63 25 32 15 17 9
"g1265" 50 29 89 107 105 10 30 25 30 24
"g1266" 24 2 2 5 0 5 0 3 17 0
"g1267" 734 720 513 717 533 84 116 110 143 82
"g1268" 217 142 286 150 122 44 199 101 81 203
"g1269" 1170 454 933 808 1095 293 622 312 481 343
"g1270" 182 171 230 250 354 53 80 34 35 46
"g1271" 629 1353 643 1157 1432 570 598 510 765 563
"g1272" 110 32 44 17 76 2 0 0 25 4
"g1273" 6 2 6 16 11 4 1 3 7 0
"g1274" 0 0 1 0 5 0 3 1 0 0
"g1275" 366 251 142 171 328 136 172 127 246 127
"g1276" 673 563 983 872 624 248 360 182 327 419
"g1277" 355 233 305 338 234 241 520 117 292 249
"g1278" 20 18 25 22 21 19 34 8 18 24
"g1279" 1355 851 867 911 498 365 317 240 483 407
"g1280" 193 827 924 2126 1160 519 2704 581 2540 677
"g1281" 6 3 3 11 7 7 3 1 5 1
"g1282" 273 72 166 180 106 94 244 96 97 122
"g1283" 8 3 4 5 2 8 2 0 1 3
"g1284" 50 29 56 46 16 4 33 11 40 12
"g1285" 21 15 40 20 21 1 14 4 25 10
"g1286" 402 255 239 406 572 115 115 152 229 70
"g1287" 4 3 1 0 4 0 0 1 1 0
"g1288" 296 183 315 167 339 88 65 69 98 48
"g1289" 1625 1910 951 1185 2599 643 2191 931 1314 947
"g1290" 185 316 590 294 256 349 184 90 236 90
"g1291" 8 6 3 4 13 3 6 5 7 5
"g1292" 762 1338 1658 2300 1501 620 2114 1406 1305 753
"g1293" 59 4 9 20 4 6 11 0 1 24
"g1294" 301 386 143 168 238 85 194 98 185 124
"g1295" 101 53 70 45 54 15 23 15 11 21
"g1296" 644 827 668 898 933 460 606 426 693 428
"g1297" 1 11 2 12 6 4 5 4 5 0
"g1298" 43 16 49 36 35 2 10 13 11 3
"g1299" 41 46 72 24 50 26 33 23 43 32
"g1300" 830 591 283 393 470 251 273 429 334 298
"g1301" 162 366 346 326 372 229 309 269 374 407
"g1302" 2072 2131 1505 853 4071 258 926 224 797 340
"g1303" 3893 2605 2383 3597 1891 1898 2382 2631 2447 1686
"g1304" 19 17 13 13 12 3 9 7 6 5
"g1305" 237 78 65 55 172 74 74 59 110 92
"g1306" 4 6 5 4 1 0 1 2 1 1
"g1307" 435 193 270 368 454 103 240 125 84 152
"g1308" 672 208 255 352 527 91 123 227 109 201
"g1309" 8 1 4 1 3 0 2 2 0 0
"g1310" 5 0 1 2 0 2 3 2 3 0
"g1311" 4 1 2 1 3 1 2 0 0 0
"g1312" 1969 1783 2089 1393 1605 409 877 594 735 619
"g1313" 47 18 28 45 30 29 29 15 10 26
"g1314" 34 20 12 31 53 13 46 19 30 14
"g1315" 0 2 0 2 1 3 0 3 1 2
"g1316" 813 838 688 350 726 129 183 124 104 112
"g1317" 8516 6811 9793 12117 11026 12549 5304 4517 5785 11208
"g1318" 5 5 1 3 10 3 1 1 1 6
"g1319" 268 188 131 311 212 127 247 75 130 138
"g1320" 21 3 4 12 4 7 0 1 3 0
"g1321" 228 360 398 361 391 187 237 259 363 236
"g1322" 11 2 13 9 29 4 4 5 14 2
"g1323" 21 24 24 27 16 8 13 4 14 10
"g1324" 639 545 505 423 783 217 479 305 485 246
"g1325" 169 271 548 90 333 163 182 271 97 69
"g1326" 2 3 5 0 5 0 3 0 1 0
"g1327" 3 0 8 5 2 2 3 1 6 0
"g1328" 98 353 512 329 570 284 951 120 29 285
"g1329" 55 64 52 66 73 40 48 36 55 31
"g1330" 0 0 0 0 0 0 4 0 0 0
"g1331" 180 273 224 275 286 103 200 85 159 98
"g1332" 43 4 35 28 21 8 3 9 9 15
"g1333" 21 22 17 15 36 11 13 4 6 18
"g1334" 931 1272 857 1195 1186 614 769 541 693 919
"g1335" 2353 2125 1436 2787 2862 1095 478 548 893 856
"g1336" 509 117 114 100 594 44 125 20 21 207
"g1337" 465 289 363 434 570 197 246 247 152 213
"g1338" 934 814 944 1172 1180 495 526 492 952 477
"g1339" 7 6 4 6 6 2 1 2 3 7
"g1340" 37 23 29 26 35 23 30 12 15 14
"g1341" 50 33 51 74 14 3 31 28 22 42
"g1342" 20 17 23 29 16 16 11 13 22 8
"g1343" 0 0 5 4 2 1 0 1 1 6
"g1344" 3 3 0 3 3 1 0 1 0 1
"g1345" 10 4 2 8 4 2 1 1 2 0
"g1346" 96 36 315 117 33 22 314 2 84 8
"g1347" 265 178 199 210 187 89 93 100 75 98
"g1348" 145 155 111 139 99 79 71 38 253 75
"g1349" 3 2 2 1 6 2 5 1 2 2
"g1350" 136 134 93 116 158 87 89 88 123 102
"g1351" 2281 3180 2339 1889 4245 1908 3570 2409 1935 1994
"g1352" 1 2 4 5 0 4 1 3 1 1
"g1353" 16491 7407 8958 14632 14111 5110 9821 3199 5890 5145
"g1354" 763 612 488 859 666 373 462 682 732 525
"g1355" 195 161 182 161 184 41 74 61 69 65
"g1356" 155 264 134 205 269 51 97 85 65 53
"g1357" 5 4 13 5 6 1 0 2 0 0
"g1358" 568 567 424 414 321 116 234 126 89 179
"g1359" 20 18 16 10 24 5 8 9 13 22
"g1360" 73 83 127 179 317 69 115 127 160 86
"g1361" 33 48 10 13 14 5 13 21 9 17
"g1362" 296 171 253 186 294 78 147 113 106 90
"g1363" 1417 886 1141 1441 1145 568 812 364 676 477
"g1364" 0 5 2 2 0 0 2 0 1 0
"g1365" 21 10 12 5 16 8 17 5 12 13
"g1366" 101 101 120 69 115 64 97 58 64 48
"g1367" 92 210 68 50 18 10 43 40 35 29
"g1368" 20 9 10 5 19 11 2 2 10 6
"g1369" 224 225 534 70 140 57 21 37 32 142
"g1370" 802 626 425 404 471 354 456 262 499 380
"g1371" 920 680 413 507 715 337 964 485 436 466
"g1372" 0 1 1 0 2 0 0 0 1 3
"g1373" 125 82 228 143 223 18 51 46 126 73
"g1374" 483 311 943 439 493 671 830 483 296 337
"g1375" 18 14 9 9 10 4 5 5 12 2
"g1376" 3 5 0 8 4 0 0 0 0 0
"g1377" 340 227 211 126 185 52 66 60 76 73
"g1378" 2 0 4 0 23 0 0 0 0 2
"g1379" 2028 756 567 445 235 373 338 385 524 299
"g1380" 1223 1140 809 1079 1109 538 838 502 827 836
"g1381" 376 269 245 279 221 125 166 121 126 118
"g1382" 618 83 39 99 127 56 58 42 0 14
"g1383" 118 138 116 105 189 75 205 69 42 57
"g1384" 780 1507 762 791 2531 338 691 551 515 1361
"g1385" 454 1826 372 470 294 422 280 112 411 110
"g1386" 15 28 20 1 17 10 6 3 8 3
"g1387" 42 13 57 5 8 0 12 1 35 7
"g1388" 5653 2727 2163 6128 5637 2054 2980 1989 1468 1157
"g1389" 389 144 125 154 272 112 161 201 278 129
"g1390" 8 2 5 1 10 7 1 1 2 0
"g1391" 4 2 6 4 1 0 1 0 2 0
"g1392" 0 21 0 1 0 0 2 0 10 43
"g1393" 1339 829 1094 1051 1219 403 568 479 245 276
"g1394" 87 85 156 151 84 42 51 54 76 30
"g1395" 22 35 43 37 67 17 37 28 27 22
"g1396" 24 37 23 14 34 14 17 14 16 23
"g1397" 21 11 15 20 6 0 5 17 16 12
"g1398" 268 251 215 195 264 80 100 54 153 75
"g1399" 9 18 5 2 23 0 15 8 12 17
"g1400" 15 9 17 8 11 2 37 5 12 2
"g1401" 484 400 902 226 551 437 641 329 501 692
"g1402" 5492 2916 5054 3741 4876 1434 2625 1726 1432 1086
"g1403" 44 61 55 55 213 100 65 118 27 48
"g1404" 4 2 1 0 2 2 0 0 0 3
"g1405" 90 18 42 45 20 18 36 18 21 20
"g1406" 513 303 510 606 719 450 499 271 313 206
"g1407" 38382 17911 25324 30751 17731 9619 16590 1583 10887 12258
"g1408" 273 548 330 373 377 254 649 306 582 299
"g1409" 31 0 1 5 1 0 0 2 1 0
"g1410" 537 585 347 337 407 197 267 120 200 262
"g1411" 68 18 38 31 30 10 38 15 19 24
"g1412" 1576 814 1143 1028 663 443 1060 654 945 679
"g1413" 547 1108 522 192 327 298 702 172 240 247
"g1414" 281 261 398 209 273 104 166 94 126 94
"g1415" 103 152 91 152 179 99 125 59 65 108
"g1416" 9 2 1 3 7 1 2 1 1 2
"g1417" 43 15 12 14 27 20 20 14 34 5
"g1418" 17 4 12 6 6 6 14 2 11 3
"g1419" 1397 2874 3087 770 2427 843 649 533 588 755
"g1420" 25 1 10 19 22 3 5 0 3 13
"g1421" 93 328 461 116 301 16 56 110 20 60
"g1422" 3 3 9 3 2 0 3 1 2 2
"g1423" 292 149 185 35 253 89 138 118 117 89
"g1424" 3 5 2 11 4 4 2 1 0 1
"g1425" 1026 320 552 815 622 101 237 199 320 104
"g1426" 55 59 86 42 54 40 63 75 43 54
"g1427" 330 365 699 513 517 327 291 196 166 306
"g1428" 0 3 1 1 0 2 0 3 0 1
"g1429" 2234 1478 2102 2274 1825 995 1232 789 1104 923
"g1430" 111 146 125 41 27 27 29 49 128 28
"g1431" 13 14 20 12 20 6 1 9 13 13
"g1432" 234 121 163 258 156 42 94 66 84 80
"g1433" 3 0 0 10 1 1 0 0 0 1
"g1434" 6 2 1 3 4 1 1 1 5 1
"g1435" 593 580 309 778 505 196 368 300 362 319
"g1436" 9247 6187 4287 5900 5444 1732 2277 2907 3912 4969
"g1437" 943 1180 721 957 806 262 788 540 459 406
"g1438" 586 406 414 433 439 354 401 364 332 350
"g1439" 1447 990 1162 1059 963 920 1320 897 950 1248
"g1440" 7 0 0 7 2 0 4 0 1 0
"g1441" 801 804 849 847 1284 438 925 654 637 786
"g1442" 2 30 23 10 18 28 26 3 12 2
"g1443" 1046 752 1069 333 217 177 277 204 308 250
"g1444" 244 179 112 118 195 52 31 45 55 71
"g1445" 1776 1420 1256 1523 3246 629 898 815 1225 544
"g1446" 1846 628 588 484 997 323 988 560 247 533
"g1447" 6431 8751 5430 7924 5835 4890 4461 3439 5861 3303
"g1448" 8 9 1 11 6 4 3 2 6 1
"g1449" 10 7 4 3 1 1 4 1 1 3
"g1450" 1 0 1 0 0 1 0 0 0 0
"g1451" 391 199 117 200 69 44 124 96 34 86
"g1452" 21 14 23 26 3 5 3 2 1 5
"g1453" 481 310 743 575 612 254 618 234 160 135
"g1454" 818 427 689 461 624 330 838 310 457 520
"g1455" 50 9 53 8 11 1 6 4 27 16
"g1456" 25 16 17 27 32 10 8 19 26 14
"g1457" 1266 773 849 1088 831 186 884 226 720 400
"g1458" 690 245 494 228 495 194 143 120 303 252
"g1459" 6 5 8 2 0 1 3 0 1 0
"g1460" 48 23 72 73 49 14 41 31 9 14
"g1461" 12939 9538 8968 5929 7029 10508 8632 7079 6195 8141
"g1462" 9 0 0 0 2 0 4 0 0 11
"g1463" 17 14 78 28 28 85 9 15 35 10
"g1464" 3640 2793 2085 2312 2818 745 1418 616 1570 1015
"g1465" 394 233 267 439 630 78 188 151 385 108
"g1466" 12 8 32 42 542 53 44 60 19 97
"g1467" 32 8 19 5 20 6 2 26 6 1
"g1468" 273 167 224 149 246 68 118 69 137 64
"g1469" 4571 3763 2607 1899 1517 1400 1098 1017 2835 925
"g1470" 138 94 83 108 156 62 153 29 82 52
"g1471" 586 571 531 766 675 371 334 298 490 315
"g1472" 8 4 23 2 0 1 4 27 15 0
"g1473" 2281 1317 225 1718 2029 284 1674 607 363 711
"g1474" 50 48 4 21 32 27 57 6 9 5
"g1475" 15 14 6 16 25 3 8 10 5 18
"g1476" 602 2069 873 317 1652 1101 492 964 947 1040
"g1477" 20 6 46 53 24 9 4 10 10 5
"g1478" 50 364 185 100 524 78 22 37 8 120
"g1479" 20 33 27 31 19 12 11 9 7 10
"g1480" 615 519 347 672 234 121 316 96 120 249
"g1481" 161 51 58 222 0 46 0 0 7 85
"g1482" 995 976 1095 654 947 655 1070 337 435 599
"g1483" 45 62 85 20 36 22 47 31 28 34
"g1484" 0 10 0 13 0 19 23 0 0 24
"g1485" 562 360 462 432 454 413 393 274 385 249
"g1486" 3 5 9 7 0 0 7 0 4 3
"g1487" 2743 2244 1294 1634 1045 1265 986 484 1540 540
"g1488" 143 160 118 128 111 29 79 77 55 71
"g1489" 13 2 24 20 36 1 2 0 14 4
"g1490" 5 18 2 8 2 5 8 5 3 13
"g1491" 868 955 467 880 1482 402 383 328 626 193
"g1492" 14 7 6 17 9 8 12 7 10 11
"g1493" 74 48 166 76 66 53 39 24 62 32
"g1494" 82 22 44 35 40 17 39 24 32 10
"g1495" 4 3 3 3 4 1 4 0 1 3
"g1496" 92 19 232 211 90 392 169 38 7 33
"g1497" 29 14 12 31 9 2 7 1 7 2
"g1498" 637 378 834 464 320 126 375 76 408 204
"g1499" 0 0 12 3 0 0 0 0 19 0
"g1500" 179 141 141 132 89 60 72 199 221 231
"g1501" 563 340 577 615 267 420 456 591 766 542
"g1502" 13 45 67 61 15 57 24 7 21 5
"g1503" 12 3 6 12 4 10 6 5 6 15
"g1504" 2 2 2 6 3 2 5 1 3 2
"g1505" 579 376 305 295 319 371 669 364 555 488
"g1506" 36 19 35 30 10 13 61 35 42 32
"g1507" 266 134 243 199 290 248 201 279 217 178
"g1508" 1 0 0 1 0 6 2 2 1 1
"g1509" 4644 3946 10197 10157 9381 20277 23387 11070 13027 8921
"g1510" 25 26 30 13 43 25 9 22 56 17
"g1511" 8 1 2 9 2 4 7 8 5 1
"g1512" 385 425 215 199 129 205 449 310 235 291
"g1513" 2214 1952 2002 2989 2008 1611 1093 1736 2744 1750
"g1514" 26 4 32 13 16 6 14 15 15 38
"g1515" 5 4 3 3 7 2 3 0 4 10
"g1516" 27 21 14 11 52 19 47 22 29 24
"g1517" 1840 986 1074 1048 689 1096 1558 1548 1321 1163
"g1518" 742 481 700 620 900 779 986 528 895 661
"g1519" 552 640 482 620 550 624 837 657 706 603
"g1520" 83 33 56 47 49 56 69 48 81 60
"g1521" 497 144 221 530 348 178 393 317 260 98
"g1522" 13 13 6 6 5 0 7 0 9 2
"g1523" 135 260 615 335 186 227 188 196 249 288
"g1524" 2244 1547 1537 1782 1752 1429 1561 1671 2390 2579
"g1525" 519 359 402 193 481 287 972 381 623 568
"g1526" 603 531 364 500 867 526 985 1117 1086 656
"g1527" 3 15 2 18 11 15 5 25 10 6
"g1528" 198 66 39 88 337 148 132 14 128 94
"g1529" 0 1 3 0 3 5 3 4 0 3
"g1530" 8 4 5 0 2 2 7 3 4 3
"g1531" 1358 1157 1037 777 2072 1435 2322 1287 994 917
"g1532" 286 228 320 409 253 139 307 152 373 411
"g1533" 75 68 114 105 52 66 124 230 95 176
"g1534" 3615 3352 3578 4059 6023 6650 4959 4249 6514 4841
"g1535" 44 17 46 35 39 16 231 121 36 113
"g1536" 14 13 7 14 9 6 21 33 21 27
"g1537" 430 527 479 581 298 560 470 320 1135 402
"g1538" 31 18 17 58 34 40 119 32 112 51
"g1539" 290 225 447 318 469 233 360 273 360 346
"g1540" 214 133 256 228 468 193 449 199 316 32
"g1541" 10 8 10 5 17 6 15 4 13 8
"g1542" 8 9 9 24 9 27 13 25 61 28
"g1543" 515 723 240 1022 702 541 1442 511 1175 1037
"g1544" 271 213 359 204 340 129 422 195 331 278
"g1545" 54 63 27 36 23 34 35 33 30 27
"g1546" 40 3 7 14 11 19 10 18 21 14
"g1547" 12 3 3 15 17 7 5 0 0 12
"g1548" 491 270 299 605 128 692 1073 673 515 1107
"g1549" 28 15 30 26 25 27 53 6 27 7
"g1550" 4599 2002 2703 2522 2474 3864 3898 3297 3401 2221
"g1551" 1 1 194 105 26 14 11 52 51 20
"g1552" 223 196 176 176 214 220 390 145 599 282
"g1553" 700 878 225 360 288 371 985 463 595 612
"g1554" 1372 936 1153 1030 1239 876 2155 855 1007 862
"g1555" 1347 251 257 244 190 313 324 289 692 156
"g1556" 468 346 425 485 342 397 605 211 532 559
"g1557" 176 175 153 164 232 92 182 188 256 206
"g1558" 33 107 272 316 255 242 23 8 230 58
"g1559" 695 270 478 432 334 740 867 257 495 530
"g1560" 0 0 0 3 2 0 7 6 1 1
"g1561" 4 50 24 15 20 19 18 14 28 5
"g1562" 380 90 269 328 187 164 131 252 311 353
"g1563" 1102 1003 970 784 819 1101 1275 1015 1675 1009
"g1564" 266 771 176 643 1092 779 420 410 508 567
"g1565" 8 20 20 12 17 16 13 7 38 16
"g1566" 7 0 4 0 2 3 2 0 3 4
"g1567" 10789 7766 7941 7542 3879 14537 7124 1548 8710 5238
"g1568" 3 16 1 10 11 24 15 11 22 21
"g1569" 30 48 33 71 25 52 131 52 55 57
"g1570" 359 108 206 267 163 322 364 131 475 203
"g1571" 10 23 8 7 8 9 71 47 104 37
"g1572" 3 0 0 9 2 2 3 2 6 8
"g1573" 9 2 9 1 14 9 5 8 7 29
"g1574" 9791 5191 3360 3875 4152 9634 7404 7661 7258 6279
"g1575" 14 1 15 0 5 7 1 0 11 1
"g1576" 91 102 96 20 43 76 130 35 83 61
"g1577" 2900 2737 1596 2481 2419 2056 2000 2078 3618 1715
"g1578" 1234 648 1028 1008 1257 893 900 969 1392 743
"g1579" 3178 1412 2153 2629 2013 1684 3576 1922 4334 959
"g1580" 4649 1670 823 2605 3833 1828 4708 1350 1917 3504
"g1581" 10 1 5 10 9 12 9 8 17 9
"g1582" 1007 706 602 781 820 419 1356 919 963 1102
"g1583" 38 14 28 13 0 6 33 17 27 0
"g1584" 249 85 156 127 159 235 228 164 226 298
"g1585" 79 357 245 127 225 247 301 157 276 208
"g1586" 173 132 96 120 78 122 99 99 137 90
"g1587" 1 12 7 3 9 15 35 3 16 13
"g1588" 192 203 374 260 110 433 235 260 146 325
"g1589" 292 239 382 416 632 364 334 277 503 402
"g1590" 7262 5497 6677 5694 5361 4802 9789 6154 9968 6092
"g1591" 104 60 58 81 48 78 122 101 60 111
"g1592" 85 17 50 51 18 20 61 50 17 58
"g1593" 6148 3821 2989 2214 4048 1657 5232 2830 3783 5009
"g1594" 879 354 442 280 430 455 727 402 605 512
"g1595" 0 6 2 0 0 1 0 0 0 3
"g1596" 166 98 88 178 137 125 185 104 216 120
"g1597" 716 626 845 869 848 1079 1009 512 1268 998
"g1598" 14 7 8 16 7 8 6 13 3 10
"g1599" 432 472 349 328 414 251 560 351 215 197
"g1600" 1 5 4 4 8 6 19 3 5 8
"g1601" 74 95 102 62 23 54 209 15 192 143
"g1602" 23 18 18 13 26 15 15 21 13 18
"g1603" 6 0 5 0 6 0 0 6 0 1
"g1604" 58 179 54 49 99 40 36 49 4 118
"g1605" 609 1177 570 851 732 548 932 577 1273 227
"g1606" 85 67 106 138 143 107 149 63 221 147
"g1607" 4 3 6 2 1 5 2 3 4 7
"g1608" 1 1 0 5 1 4 4 9 9 2
"g1609" 473 339 503 390 302 290 579 483 385 366
"g1610" 6 2 2 0 0 0 2 0 2 1
"g1611" 2839 1017 1353 2221 1740 1540 2839 1399 2565 1758
"g1612" 586 313 315 338 379 484 698 701 913 659
"g1613" 27 5 4 19 18 20 41 1 15 25
"g1614" 497 207 223 288 269 172 417 346 406 158
"g1615" 229 4 140 8 0 0 31 2 17 0
"g1616" 83 110 44 34 19 79 29 39 40 13
"g1617" 18 12 6 6 5 14 15 21 1 6
"g1618" 745 441 543 749 810 503 516 312 696 571
"g1619" 416 202 179 195 240 312 373 468 778 605
"g1620" 124 221 73 73 96 116 615 19 99 95
"g1621" 0 6 0 0 0 0 0 1 0 0
"g1622" 395 375 209 212 417 162 162 158 460 357
"g1623" 48 74 49 41 44 61 56 58 99 91
"g1624" 3314 3015 1249 2654 5044 2552 3393 2864 3162 3225
"g1625" 54 4 10 28 1 2 10 11 13 51
"g1626" 1400 783 709 697 637 894 1707 1047 1573 1521
"g1627" 2117 1205 1759 1113 1256 1950 1660 1119 1357 2214
"g1628" 13 11 25 17 27 10 35 10 46 12
"g1629" 25 7 12 44 6 29 59 36 32 21
"g1630" 38 116 51 38 71 66 98 19 48 42
"g1631" 11 12 10 6 6 15 57 9 53 21
"g1632" 157 41 56 52 51 141 31 59 33 89
"g1633" 2751 1350 2035 1575 2045 1618 1973 1106 2497 1693
"g1634" 59 90 77 22 131 66 78 18 148 162
"g1635" 7 1 1 0 0 4 0 0 2 0
"g1636" 164 160 122 269 116 168 285 140 296 189
"g1637" 175 186 112 94 174 92 185 162 115 116
"g1638" 4 7 3 2 1 1 6 2 2 4
"g1639" 213 57 14 140 32 99 147 46 87 158
"g1640" 202 235 279 244 313 157 270 242 325 240
"g1641" 2 2 0 1 0 2 5 1 3 5
"g1642" 2730 1971 1423 800 3057 3194 1537 1601 3860 2421
"g1643" 511 806 1031 811 822 365 725 446 1031 987
"g1644" 0 13 0 0 1 0 0 0 4 0
"g1645" 192 145 157 185 197 123 281 203 391 220
"g1646" 46 57 210 158 87 96 148 256 191 57
"g1647" 198 108 36 208 184 32 197 107 116 141
"g1648" 51 251 95 102 158 171 169 124 228 134
"g1649" 5 0 20 0 2 18 1 15 22 18
"g1650" 872 342 428 341 317 236 557 373 477 230
"g1651" 527 287 402 277 217 420 311 224 457 491
"g1652" 2971 1393 1689 1722 1851 1638 1124 1241 2016 1442
"g1653" 11 11 16 21 12 15 30 19 27 9
"g1654" 886 1126 847 893 1977 901 1815 950 2087 1001
"g1655" 323 276 288 395 362 525 567 392 565 496
"g1656" 609 104 505 291 370 131 452 243 450 440
"g1657" 52 70 32 106 11 188 30 24 20 122
"g1658" 29 16 35 26 13 24 64 18 85 43
"g1659" 6 11 13 11 11 9 30 11 25 8
"g1660" 35 27 24 53 42 67 59 37 77 65
"g1661" 1680 991 1813 2092 1605 1356 3015 766 1803 991
"g1662" 349 624 328 371 323 237 527 594 1162 165
"g1663" 23 24 22 25 17 27 72 11 45 30
"g1664" 496 43 318 191 311 439 669 485 371 694
"g1665" 9194 6333 4135 3934 9341 3500 3849 5956 7787 3259
"g1666" 2 0 0 5 0 19 11 8 0 0
"g1667" 651 244 208 242 427 314 445 404 507 393
"g1668" 1983 2399 2286 2701 1770 2068 3759 1641 2489 2495
"g1669" 1790 1368 714 742 1386 806 923 1062 1276 1274
"g1670" 1554 860 1093 985 1033 1086 1767 1508 2272 1020
"g1671" 127 35 33 36 9 19 123 32 18 120
"g1672" 7 4 4 7 8 5 5 2 9 5
"g1673" 2001 1027 1417 1676 1789 2927 2320 1179 1896 1457
"g1674" 536 497 264 639 427 300 414 306 531 333
"g1675" 3 1 1 0 1 1 2 0 1 2
"g1676" 41 93 2 3 18 3 192 96 57 39
"g1677" 360 327 450 437 289 337 405 372 476 411
"g1678" 5 3 2 2 6 2 3 2 11 1
"g1679" 590 306 341 366 669 463 990 384 430 581
"g1680" 1984 1286 1722 1388 1355 1773 2158 872 3283 2159
"g1681" 133 128 2 33 213 28 0 21 0 0
"g1682" 18 14 5 11 3 4 9 8 28 8
"g1683" 1 7 3 3 2 1 2 3 5 0
"g1684" 1194 518 1125 968 713 1114 1145 887 1315 1139
"g1685" 0 19 33 11 29 3 39 7 5 1
"g1686" 154 193 149 172 273 187 114 136 353 184
"g1687" 2671 2358 2892 2072 1674 2616 4256 2234 3820 2835
"g1688" 1017 103 1573 383 285 702 390 227 576 770
"g1689" 33 44 28 7 4 55 10 6 43 22
"g1690" 136 26 161 157 122 36 119 145 106 252
"g1691" 6 0 0 1 3 2 2 4 6 2
"g1692" 51 22 23 24 26 0 62 11 91 106
"g1693" 10 9 1 7 3 5 5 3 5 7
"g1694" 38 20 17 23 13 0 12 26 13 49
"g1695" 79 50 37 44 96 41 75 54 31 47
"g1696" 838 402 596 570 685 636 594 429 566 657
"g1697" 76 1 32 0 1 0 33 6 2 18
"g1698" 350 147 206 296 276 343 258 250 443 229
"g1699" 284 279 154 145 345 80 399 23 221 32
"g1700" 11 10 9 20 2 10 6 8 14 7
"g1701" 1033 567 792 640 903 682 918 524 674 687
"g1702" 11 22 15 17 27 11 31 13 19 14
"g1703" 209 372 180 90 182 78 403 165 482 311
"g1704" 11 1 5 6 4 7 23 12 10 10
"g1705" 3836 2514 2027 2515 3229 2896 4101 4450 6955 3268
"g1706" 2218 1317 1509 1698 1145 1762 3241 1167 2453 2674
"g1707" 4145 2947 3286 2810 2546 2602 4969 2744 4607 3417
"g1708" 233 117 87 133 96 69 209 88 195 34
"g1709" 3 8 4 2 9 0 3 4 1 4
"g1710" 190 38 34 41 24 16 138 70 108 144
"g1711" 0 3 7 5 2 2 10 7 5 16
"g1712" 168 84 1097 312 118 294 1213 20 594 556
"g1713" 143 67 522 601 457 20 2006 316 828 1081
"g1714" 6654 2223 4169 3861 6937 3388 3432 1779 7225 3323
"g1715" 1344 437 470 830 1608 688 1077 485 780 899
"g1716" 27 36 17 36 13 29 13 41 72 17
"g1717" 23 0 0 2 10 0 0 0 0 0
"g1718" 3840 1006 1666 1293 1682 2142 1919 1253 1571 1969
"g1719" 925 442 617 659 938 730 1278 977 1175 892
"g1720" 1577 2468 1002 2006 2329 1902 2905 2095 1957 3108
"g1721" 175 142 144 110 266 119 178 170 177 329
"g1722" 9691 7900 2690 6126 5779 6381 12728 5798 4391 7782
"g1723" 682 232 209 298 327 487 273 322 549 333
"g1724" 431 102 118 25 415 18 135 94 76 170
"g1725" 9 3 0 0 25 3 3 3 15 2
"g1726" 202 71 216 169 104 258 238 344 238 221
"g1727" 2109 1272 661 1078 1272 970 2097 1860 1692 1221
"g1728" 3606 1923 3894 2308 2752 2217 4046 3437 2875 3334
"g1729" 8 5 2 1 2 6 6 3 4 9
"g1730" 8 3 6 7 6 3 8 6 7 13
"g1731" 22 4 14 3 16 19 45 17 25 12
"g1732" 48 43 32 41 55 37 72 35 57 94
"g1733" 33 36 53 60 100 51 44 52 172 61
"g1734" 152 84 59 15 22 69 47 300 95 47
"g1735" 561 239 315 319 363 293 340 255 349 458
"g1736" 11015 9060 6827 8191 4983 7226 7292 6030 13420 7476
"g1737" 214 176 190 503 331 248 767 229 419 327
"g1738" 79 9 1 20 27 16 40 2 43 28
"g1739" 486 337 278 461 268 332 926 426 429 345
"g1740" 70 331 342 157 389 94 498 108 405 343
"g1741" 4 0 2 0 0 0 4 1 0 2
"g1742" 0 1 2 3 2 1 2 0 7 3
"g1743" 150 42 103 39 43 40 67 69 212 70
"g1744" 542 394 474 257 674 404 709 106 647 1507
"g1745" 2 9 3 7 1 9 12 8 16 10
"g1746" 315 49 69 129 89 169 143 93 90 59
"g1747" 30 20 32 24 42 40 71 27 10 57
"g1748" 0 3 0 0 2 2 2 1 0 2
"g1749" 74 52 20 25 23 46 66 52 40 36
"g1750" 5 15 5 9 5 6 19 7 9 14
"g1751" 178 141 126 118 176 122 171 140 159 136
"g1752" 1531 1585 1372 1160 1736 1023 1290 1293 1775 1969
"g1753" 3166 1815 2382 2602 1535 2152 2948 1475 4464 3431
"g1754" 2 5 6 4 2 3 10 6 10 8
"g1755" 379 657 520 408 756 388 562 407 730 639
"g1756" 73 32 48 62 53 74 72 85 116 90
"g1757" 2598 1569 1898 1572 2612 1363 2198 2472 3101 5332
"g1758" 3 0 6 1 0 7 0 0 3 1
"g1759" 5128 3322 3286 3707 3736 3246 5530 3409 6418 3902
"g1760" 81 74 36 102 102 52 90 67 86 60
"g1761" 4588 3838 2337 2063 2981 2902 5822 2015 4058 4140
"g1762" 50 4 8 39 34 8 42 1 16 28
"g1763" 312 223 241 786 207 216 849 298 673 556
"g1764" 44 48 120 46 185 113 155 111 88 63
"g1765" 8 1 8 6 0 24 3 10 9 0
"g1766" 337 222 444 241 267 267 417 431 310 234
"g1767" 134 97 10 94 25 11 88 24 189 115
"g1768" 69 46 64 34 73 45 104 27 158 60
"g1769" 85 29 48 7 2 0 8 3 13 5
"g1770" 84 21 71 42 58 23 83 120 41 53
"g1771" 1181 888 2209 516 1538 832 3096 724 1572 980
"g1772" 4 1 5 11 3 2 42 5 6 10
"g1773" 41 14 4 22 9 1 36 2 78 19
"g1774" 3 0 2 6 9 11 2 0 0 5
"g1775" 409 253 330 206 242 275 250 262 486 357
"g1776" 2371 2048 1518 1785 1803 2062 2253 2467 3012 2379
"g1777" 1 1 13 10 0 0 2 4 1 3
"g1778" 942 3163 994 93 800 1982 2072 2709 1453 718
"g1779" 6 2 0 3 5 3 0 4 6 8
"g1780" 45 6 1 32 9 2 26 0 2 5
"g1781" 20 10 11 21 18 19 20 16 27 0
"g1782" 105 53 42 40 56 74 115 88 122 42
"g1783" 8 5 7 6 2 5 5 4 10 5
"g1784" 1323 1155 1214 1936 1247 1841 2900 823 2137 1378
"g1785" 417 593 312 334 476 793 669 346 1071 484
"g1786" 32 13 10 12 6 9 7 17 10 11
"g1787" 56 32 33 12 28 24 53 9 20 45
"g1788" 122 80 29 65 55 78 117 43 72 39
"g1789" 3 2 3 3 5 0 1 1 0 3
"g1790" 583 1209 1501 1038 734 3696 1068 1819 2578 450
"g1791" 60 30 42 28 50 48 82 42 45 23
"g1792" 3 3 15 3 9 6 9 4 4 7
"g1793" 253 138 125 252 282 367 305 107 436 252
"g1794" 8 4 6 5 8 12 4 4 8 5
"g1795" 1232 1464 975 1488 2750 2351 2407 1693 1724 1415
"g1796" 8 6 2 3 4 6 30 11 9 8
"g1797" 215 315 425 104 234 267 160 258 326 113
"g1798" 5 4 2 3 0 0 4 0 2 3
"g1799" 40 27 56 19 23 24 43 37 52 30
"g1800" 171 83 124 100 84 80 96 82 121 201
"g1801" 31 8 35 46 38 19 29 47 35 33
"g1802" 12 4 2 3 0 7 7 4 7 1
"g1803" 0 5 1 6 4 0 1 10 14 52
"g1804" 3 0 10 10 7 4 10 8 13 3
"g1805" 47 0 0 26 4 0 8 0 0 0
"g1806" 0 3 0 0 0 0 0 0 38 0
"g1807" 206 481 66 1137 2395 298 1507 921 1256 1120
"g1808" 522 605 408 875 323 651 558 380 587 511
"g1809" 1176 857 748 1018 1293 1528 1920 1564 1176 812
"g1810" 7 4 4 5 6 5 4 8 6 2
"g1811" 934 1175 1332 1250 1084 1047 1862 903 1578 1124
"g1812" 1050 1077 873 1406 839 1224 1916 1099 2095 934
"g1813" 120 122 74 67 148 53 121 97 141 152
"g1814" 373 249 246 115 245 158 293 227 149 261
"g1815" 7612 4428 3161 4117 6970 5398 7865 5118 10923 7312
"g1816" 12 0 6 0 5 0 26 0 45 0
"g1817" 1666 891 1082 1825 1293 1080 2319 1332 1570 1458
"g1818" 118 66 102 99 128 91 113 60 103 103
"g1819" 74 46 18 64 27 33 30 21 73 19
"g1820" 203 58 49 137 159 120 174 51 312 130
"g1821" 248 73 97 85 114 98 140 166 87 129
"g1822" 0 6 1 0 2 0 5 0 0 1
"g1823" 3530 1410 2086 1089 1461 2402 2525 278 2384 1034
"g1824" 4535 1609 1658 1252 1773 1368 2770 1064 1336 1663
"g1825" 135 145 104 179 116 290 335 168 215 416
"g1826" 684 466 556 672 1002 644 941 846 790 580
"g1827" 272 62 101 109 94 201 199 56 196 41
"g1828" 58 16 87 37 40 43 97 34 87 54
"g1829" 7 3 3 4 4 2 7 6 8 2
"g1830" 2757 2317 2382 1910 1735 2754 2609 2232 2772 2413
"g1831" 2 3 0 5 0 4 3 0 6 4
"g1832" 22 7 46 34 53 34 70 57 39 7
"g1833" 36 53 229 176 100 64 224 155 216 179
"g1834" 21 14 15 19 31 11 21 13 14 39
"g1835" 571 751 566 595 589 606 989 566 1045 715
"g1836" 611 383 240 470 522 443 383 494 345 416
"g1837" 484 249 195 269 272 289 567 342 251 243
"g1838" 9 8 5 5 7 6 10 7 4 3
"g1839" 8 9 6 4 4 4 3 3 7 13
"g1840" 71 9 75 51 59 71 70 95 142 90
"g1841" 13 2 3 9 1 4 25 26 8 0
"g1842" 73 126 51 2 32 60 25 84 62 57
"g1843" 81 67 49 36 39 66 101 52 86 43
"g1844" 16 26 21 53 21 30 21 50 18 12
"g1845" 3089 2137 3307 3607 1554 2114 4550 2225 3128 3255
"g1846" 2384 455 1196 777 1146 663 3027 2293 2657 1000
"g1847" 6 5 9 13 19 42 2 37 4 18
"g1848" 436 442 536 364 286 349 356 393 531 537
"g1849" 98 106 113 66 114 60 169 49 214 275
"g1850" 22 28 3 55 20 5 0 13 2 28
"g1851" 86 83 83 191 53 172 12 42 91 504
"g1852" 21 297 157 90 26 52 738 381 759 82
"g1853" 213 233 294 221 271 400 138 174 180 160
"g1854" 128 328 153 61 117 117 514 73 476 174
"g1855" 252 53 104 12 254 120 318 182 388 40
"g1856" 49 14 33 18 27 14 28 26 21 34
"g1857" 129 238 99 116 230 180 155 108 223 198
"g1858" 1262 504 687 1169 414 1565 1681 1108 1381 890
"g1859" 4244 11717 5732 10324 9467 8747 7264 2772 8179 6336
"g1860" 60 41 16 15 46 16 52 34 67 55
"g1861" 1424 991 545 631 898 464 1305 800 1201 1315
"g1862" 22073 11860 15330 16894 15894 20733 26335 18835 27864 23222
"g1863" 91 124 164 123 256 93 94 119 215 136
"g1864" 742 250 166 136 85 355 427 215 173 304
"g1865" 4 14 28 40 75 8 1 3 19 9
"g1866" 417 217 318 330 435 281 648 148 448 385
"g1867" 4 0 2 3 9 0 8 8 7 1
"g1868" 82 73 62 89 152 107 194 142 191 61
"g1869" 207 159 160 130 189 167 380 143 267 156
"g1870" 835 1060 617 890 1007 1097 776 526 1224 1153
"g1871" 3466 3131 1497 1635 1346 2674 3898 1766 2432 2071
"g1872" 28 9 6 23 9 13 9 7 23 3
"g1873" 6 1 0 1 0 0 2 1 6 3
"g1874" 9176 6998 11706 8147 8606 8997 18311 5021 9065 8622
"g1875" 96 114 123 181 58 137 49 139 196 86
"g1876" 4 4 4 5 7 3 8 7 6 3
"g1877" 2830 2150 2469 2332 3017 3300 5295 3374 3558 2595
"g1878" 1352 1086 1065 883 952 929 957 991 1040 1013
"g1879" 6935 4823 6919 6935 9551 8732 17080 7767 19109 10897
"g1880" 181 87 106 102 168 183 151 103 249 177
"g1881" 2088 2766 1881 2990 1833 3399 3370 2312 2918 2141
"g1882" 807 844 395 498 818 631 875 784 1221 706
"g1883" 254 157 134 249 233 206 307 186 220 238
"g1884" 359 500 291 296 442 357 698 959 997 562
"g1885" 1909 1114 1004 1523 1055 1397 3804 1352 2256 1896
"g1886" 47 32 54 53 35 11 55 54 3 85
"g1887" 449 599 691 616 703 425 935 474 529 811
"g1888" 8 1 3 5 5 6 0 1 30 5
"g1889" 664 542 453 561 507 635 1013 631 598 652
"g1890" 134 18 127 159 60 97 163 110 10 130
"g1891" 0 0 2 3 0 0 3 1 0 3
"g1892" 350 101 161 214 260 114 414 149 270 237
"g1893" 53 51 30 35 43 60 106 44 116 44
"g1894" 38 115 43 16 76 117 39 57 53 51
"g1895" 679 739 476 677 761 633 862 726 1187 636
"g1896" 19 5 2 1 9 7 23 3 42 13
"g1897" 281 174 252 442 535 349 188 508 701 1008
"g1898" 49 69 54 66 56 34 40 40 76 54
"g1899" 11 6 8 5 11 12 32 51 46 32
"g1900" 2 3 0 2 0 2 8 2 7 0
"g1901" 20 11 19 14 28 14 20 19 37 17
"g1902" 13594 6671 7483 12999 13133 6709 15005 10242 12830 10270
"g1903" 127 92 125 107 132 145 223 81 210 197
"g1904" 265 339 386 87 380 462 602 143 306 163
"g1905" 7 0 20 20 7 20 30 11 8 5
"g1906" 1949 1277 1400 1531 1126 1391 2149 1078 1572 1685
"g1907" 3628 3392 3360 3059 3281 2063 3896 4262 3647 4465
"g1908" 20 246 329 32 93 117 8 76 12 4
"g1909" 4 3 32 35 0 8 37 0 0 0
"g1910" 95 28 51 83 86 74 101 65 11 73
"g1911" 160 7 6 57 23 68 87 31 8 15
"g1912" 340 236 231 394 395 189 400 325 407 256
"g1913" 284 121 100 160 124 321 219 49 115 332
"g1914" 1 0 0 0 3 4 2 3 59 5
"g1915" 0 1 0 4 8 2 0 1 1 0
"g1916" 7 3 0 6 13 10 5 11 2 3
"g1917" 1771 1189 783 1310 1769 1241 1582 1516 2306 1730
"g1918" 406 468 825 350 278 111 363 54 578 152
"g1919" 46 32 198 0 40 247 362 12 21 74
"g1920" 1 0 4 5 2 0 3 1 1 3
"g1921" 612 218 277 318 442 497 822 338 234 219
"g1922" 3135 2257 2428 2218 3553 2099 1773 2827 3802 2704
"g1923" 300 96 116 67 150 129 178 87 179 188
"g1924" 117 43 7 17 136 5 12 22 109 6
"g1925" 3240 3231 3158 3020 1618 2033 3690 2423 3937 4320
"g1926" 8 8 8 6 5 8 6 8 6 9
"g1927" 5 49 7 46 25 5 87 34 49 36
"g1928" 828 754 442 718 555 849 1023 488 814 705
"g1929" 20 1 4 12 17 35 31 27 21 13
"g1930" 1208 646 800 938 1033 717 1321 934 1194 1525
"g1931" 59 10 43 33 18 22 112 96 45 53
"g1932" 14 3 22 11 7 8 11 14 116 47
"g1933" 0 2 54 206 32 9 15 15 65 19
"g1934" 0 0 0 32 104 0 167 1 0 0
"g1935" 207 257 246 295 305 227 451 161 412 502
"g1936" 3 5 5 25 6 12 13 0 13 4
"g1937" 11 0 21 3 1 0 0 4 4 0
"g1938" 53 114 235 282 451 119 242 782 341 133
"g1939" 33 16 22 26 27 31 48 26 44 32
"g1940" 1 1 4 0 3 1 1 1 0 3
"g1941" 48 76 40 47 74 59 58 94 137 68
"g1942" 20 1 6 0 0 4 0 3 1 0
"g1943" 703 542 720 873 452 543 708 520 692 550
"g1944" 2 15 3 21 4 12 10 1 0 6
"g1945" 7136 3374 1573 2373 2678 4768 2533 2971 4334 3663
"g1946" 177 125 362 156 146 124 356 248 99 316
"g1947" 68 16 48 38 28 24 22 23 52 0
"g1948" 72 69 34 72 31 75 62 44 196 60
"g1949" 807 536 336 793 293 243 273 384 446 511
"g1950" 400 488 482 260 262 286 800 320 743 517
"g1951" 0 2 0 1 1 0 0 0 0 4
"g1952" 3 2 1 5 9 2 13 2 7 3
"g1953" 848 654 714 381 803 439 1312 287 1563 805
"g1954" 163 218 640 232 144 149 303 127 78 385
"g1955" 13 18 15 10 20 18 17 10 12 27
"g1956" 104 267 132 274 238 241 243 210 359 288
"g1957" 1 4 2 4 5 8 2 1 12 11
"g1958" 86 87 68 92 110 92 175 96 138 114
"g1959" 2 10 10 7 5 2 5 1 2 0
"g1960" 65 18 30 56 97 36 150 12 49 57
"g1961" 163 42 65 66 100 57 79 111 91 133
"g1962" 7321 4272 4877 7219 5871 5189 7600 6057 11070 3917
"g1963" 140 0 155 12 20 27 26 7 17 31
"g1964" 438 268 721 457 269 489 666 608 489 602
"g1965" 1 3 2 4 1 5 3 6 0 2
"g1966" 34 8 20 12 20 16 20 11 42 22
"g1967" 190 275 277 460 103 381 68 116 61 165
"g1968" 7716 5822 3493 4920 3920 1836 6337 2296 9676 3790
"g1969" 2107 601 1832 1383 1521 1994 1985 2193 1568 1774
"g1970" 86 103 85 90 71 94 187 63 78 93
"g1971" 0 1 0 3 1 4 6 4 0 1
"g1972" 74 59 38 28 78 22 81 44 7 39
"g1973" 233 117 235 283 187 108 395 114 270 398
"g1974" 348 88 34 176 149 233 259 79 41 159
"g1975" 1820 1257 1408 1333 1203 1364 2187 1259 1293 1021
"g1976" 197 96 151 113 159 156 244 120 327 122
"g1977" 1 9 6 1 2 0 0 0 17 2
"g1978" 2229 1688 1703 1498 1718 1654 3233 1603 1927 1491
"g1979" 1246 661 705 1170 793 856 1017 696 1449 1106
"g1980" 197 77 94 77 11 46 223 48 223 89
"g1981" 1246 945 491 596 706 864 1402 620 1137 993
"g1982" 328 108 402 489 557 274 383 330 231 289
"g1983" 3053 1366 2078 3473 2279 2227 4344 1101 1587 2515
"g1984" 25 18 2 13 6 22 29 22 39 43
"g1985" 2772 1019 712 866 811 638 671 760 1344 1019
"g1986" 5 6 5 7 4 7 6 5 10 5
"g1987" 329 257 280 228 292 187 436 231 378 206
"g1988" 0 6 7 5 9 1 11 11 3 4
"g1989" 344 222 262 419 253 258 342 358 237 319
"g1990" 1 0 15 1 13 13 0 3 8 37
"g1991" 274 493 138 326 291 111 353 291 353 271
"g1992" 91 123 81 44 37 40 102 106 43 91
"g1993" 548 705 558 511 544 592 888 378 589 825
"g1994" 1 2 6 0 4 0 10 12 8 6
"g1995" 2 2 1 6 0 2 12 6 6 10
"g1996" 177 92 154 141 144 229 161 126 283 193
"g1997" 354 201 23 126 177 243 85 397 413 81
"g1998" 463 365 756 594 594 388 674 466 566 988
"g1999" 466 354 409 302 227 501 1215 442 1268 683
"g2000" 17 8 1 5 0 6 6 5 2 0
"g2001" 14479 8740 14111 8423 16713 7275 13520 9780 13710 13587
"g2002" 9534 3181 1564 4694 1491 1136 4311 610 3838 1633
"g2003" 12 9 18 6 2 14 105 5 89 6
"g2004" 479 222 393 452 521 494 779 360 578 450
"g2005" 1066 651 588 724 677 692 632 487 766 775
"g2006" 620 234 600 650 212 482 730 847 769 313
"g2007" 13 13 23 6 18 13 50 56 72 1
"g2008" 42 26 26 17 18 15 14 21 21 21
"g2009" 633 573 385 908 994 519 1159 368 1561 742
"g2010" 0 68 107 50 72 197 58 91 45 23
"g2011" 98 64 52 93 99 60 97 58 91 126
"g2012" 47 29 21 28 52 59 68 53 54 29
"g2013" 1134 1074 933 885 843 647 1700 632 853 630
"g2014" 1714 1231 1205 1107 1485 1259 1779 792 1245 1186
"g2015" 1387 1186 1410 1538 937 925 1138 1182 1270 1126
"g2016" 9 9 11 0 23 3 1 0 1 4
"g2017" 165 51 49 80 141 42 106 0 45 44
"g2018" 2 2 2 1 0 1 1 2 1 2
"g2019" 1 8 14 3 6 6 16 8 7 4
"g2020" 990 403 530 396 363 389 1059 345 662 829
"g2021" 1897 1042 1359 1546 1601 1285 2944 1441 1444 1458
"g2022" 2165 666 917 1656 1653 2075 2713 2445 2315 3436
"g2023" 1800 770 2002 1618 1998 1036 4049 2215 3385 1733
"g2024" 0 0 39 10 33 1 11 2 5 20
"g2025" 165 131 103 131 147 76 629 32 120 209
"g2026" 324 249 285 234 155 198 396 257 454 274
"g2027" 5 7 16 3 9 7 34 13 4 2
"g2028" 487 302 288 319 408 324 338 302 490 336
"g2029" 3 6 5 1 4 2 3 3 5 4
"g2030" 612 777 640 585 619 705 883 673 945 723
"g2031" 255 219 174 26 193 50 280 157 167 280
"g2032" 421 307 346 622 324 407 580 417 464 641
"g2033" 268 182 187 238 407 142 437 241 184 189
"g2034" 0 0 18 56 8 73 15 54 110 179
"g2035" 16 14 16 7 28 16 61 5 18 11
"g2036" 714 269 485 521 568 530 562 715 666 447
"g2037" 97 70 48 98 41 69 180 107 127 124
"g2038" 308 167 253 264 402 162 264 194 588 380
"g2039" 29 17 12 0 22 18 18 6 51 6
"g2040" 22 4 2 0 5 2 0 11 1 1
"g2041" 2668 2070 5124 2266 1753 3279 5650 3407 5338 5104
"g2042" 13 10 12 28 15 47 71 8 8 8
"g2043" 74 49 23 55 93 63 136 19 45 111
"g2044" 203 219 193 212 163 146 248 206 324 292
"g2045" 360 238 279 286 300 343 336 354 355 349
"g2046" 56 69 40 77 63 57 115 81 73 67
"g2047" 567 319 487 628 423 510 1789 255 522 630
"g2048" 1740 847 892 1036 1097 698 1176 993 2070 1550
"g2049" 0 0 16 6 4 18 2 0 1 0
"g2050" 3 38 19 7 11 6 12 7 2 28
"g2051" 243 171 74 71 68 22 23 189 189 90
"g2052" 2120 1191 1347 1251 661 570 636 586 969 394
"g2053" 2066 1797 2169 1379 1669 1184 1843 1664 1558 1819
"g2054" 187 132 39 112 137 55 115 113 31 258
"g2055" 5052 4212 3651 6131 3910 4935 11395 2927 9904 6974
"g2056" 0 0 2 3 5 0 13 5 1 19
"g2057" 3 4 4 4 2 12 47 1 11 3
"g2058" 505 1426 246 1349 1366 1053 1516 753 933 652
"g2059" 1 13 5 5 8 1 4 3 1 0
"g2060" 4119 2310 1711 1598 3435 2676 3595 1356 2618 1955
"g2061" 76 117 50 118 119 96 103 80 162 132
"g2062" 73 44 33 38 28 51 72 30 52 59
"g2063" 891 190 335 427 560 477 604 547 494 236
"g2064" 1920 931 1025 1436 1422 1170 1394 1483 1776 2288
"g2065" 790 464 457 502 463 629 636 271 360 323
"g2066" 20 10 6 13 9 11 22 6 16 5
"g2067" 10570 5141 12773 17733 4103 6769 9740 3228 9232 8310
"g2068" 8 2 10 9 8 0 21 8 22 22
"g2069" 4 3 71 0 5 4 6 7 161 4
"g2070" 25 15 5 15 19 27 26 15 24 22
"g2071" 665 560 323 357 727 608 598 312 610 712
"g2072" 202 106 78 117 121 94 186 116 167 173
"g2073" 130 75 221 191 149 115 233 72 222 90
"g2074" 1687 376 1385 1089 875 1097 3323 748 3023 1694
"g2075" 718 255 407 730 724 313 453 300 816 1221
"g2076" 37 408 105 4 79 0 287 16 1095 1184
"g2077" 61 85 85 108 45 156 47 14 30 28
"g2078" 595 375 1875 435 1113 1740 1323 1601 462 2790
"g2079" 2022 1015 1232 792 814 803 1318 1304 992 800
"g2080" 2 0 2 0 1 2 2 1 2 2
"g2081" 59 39 38 84 68 47 78 76 49 60
"g2082" 8 4 2 20 4 2 13 7 30 5
"g2083" 15 30 29 40 42 7 26 33 26 24
"g2084" 10 11 7 7 9 11 15 13 11 12
"g2085" 648 787 685 548 515 629 1004 742 683 463
"g2086" 304 326 553 136 343 317 380 252 334 152
"g2087" 54 217 141 37 108 109 39 13 48 82
"g2088" 241 183 279 312 89 314 373 301 412 440
"g2089" 0 9 1 14 3 10 1 20 35 7
"g2090" 781 737 587 626 815 758 1332 707 910 736
"g2091" 16 7 13 15 11 17 9 6 15 20
"g2092" 13 12 10 12 13 17 25 14 6 16
"g2093" 6 15 11 9 4 3 5 26 11 5
"g2094" 1 1 1 5 6 5 12 3 5 4
"g2095" 8 17 14 28 12 32 7 17 66 4
"g2096" 6 0 1 1 10 3 5 6 1 1
"g2097" 96 70 83 36 59 63 88 82 50 53
"g2098" 1351 1068 630 894 871 1241 1189 567 987 703
"g2099" 30 20 33 13 6 50 55 52 72 18
"g2100" 27 6 20 6 58 41 46 10 32 21
"g2101" 6 76 146 37 97 13 35 15 24 8
"g2102" 25 0 5 14 1 3 4 1 5 1
"g2103" 62 35 47 115 155 89 119 46 52 41
"g2104" 523 543 571 489 456 583 976 331 862 509
"g2105" 362 225 183 372 246 363 364 312 387 261
"g2106" 66 0 24 0 0 0 0 6 0 1
"g2107" 1 13 13 3 11 0 45 10 18 60
"g2108" 6 6 3 5 2 11 7 16 14 13
"g2109" 1828 1229 1470 1605 1499 1317 3095 1462 1405 1331
"g2110" 80 27 22 52 46 44 56 38 79 78
"g2111" 18 50 45 84 11 17 33 29 77 32
"g2112" 3 2 14 6 17 3 5 28 8 8
"g2113" 150 96 73 119 77 136 128 124 143 155
"g2114" 273 393 276 432 142 460 345 209 507 324
"g2115" 1 11 3 2 3 3 11 0 24 2
"g2116" 194 106 99 84 133 91 203 107 92 233
"g2117" 9 12 6 26 0 33 1 4 19 29
"g2118" 1490 1010 1486 1114 1564 1265 1910 1263 1791 1590
"g2119" 781 615 529 773 793 654 1004 883 986 733
"g2120" 12 4 2 6 0 5 16 11 5 16
"g2121" 1326 2330 2371 1828 1703 1939 2928 1152 2128 1140
"g2122" 603 391 844 341 495 389 213 202 180 237
"g2123" 405 484 237 478 368 216 397 627 675 559
"g2124" 35 3 4 10 5 5 40 10 17 12
"g2125" 394 282 361 355 439 348 541 200 301 386
"g2126" 270 111 154 156 163 116 197 142 176 201
"g2127" 3 3 1 0 7 8 1 2 11 7
"g2128" 30 34 26 21 17 27 37 25 42 25
"g2129" 6521 4621 3184 5015 3586 4742 4667 5522 8831 3882
"g2130" 113 71 57 70 63 99 116 17 101 64
"g2131" 16 29 27 35 21 17 13 23 45 23
"g2132" 1134 539 452 374 890 492 1444 715 1151 810
"g2133" 16 34 19 22 59 21 22 27 30 35
"g2134" 21 134 115 58 34 53 216 28 50 245
"g2135" 5643 4492 6580 4387 6761 6024 8083 3883 6265 5499
"g2136" 1509 970 1171 935 1036 1068 1872 915 1722 1291
"g2137" 1 0 1 3 1 3 2 1 6 6
"g2138" 105 203 197 156 152 252 250 125 110 194
"g2139" 189 159 254 281 132 197 223 150 199 170
"g2140" 9 5 3 7 6 3 7 5 8 1
"g2141" 8 6 11 8 6 6 4 9 9 13
"g2142" 857 391 380 304 391 473 1080 732 884 788
"g2143" 568 262 80 396 247 413 41 284 177 40
"g2144" 132 181 184 129 257 244 261 233 664 116
"g2145" 11 0 0 2 0 2 3 1 8 4
"g2146" 86 79 52 67 46 95 102 67 80 87
"g2147" 21 9 7 12 12 9 11 16 12 8
"g2148" 20 1 2 1 0 6 10 6 4 2
"g2149" 68 7 111 47 80 189 54 59 64 8
"g2150" 13113 7230 5022 5439 3989 5643 8462 4599 7876 5697
"g2151" 70 32 16 27 27 32 11 15 111 2
"g2152" 1623 914 1746 779 2114 2076 2696 1462 2319 1689
"g2153" 568 418 339 476 369 444 517 445 884 294
"g2154" 79 55 22 82 51 46 49 46 60 74
"g2155" 72 54 79 56 64 82 95 56 112 72
"g2156" 252 446 183 293 225 258 342 342 550 563
"g2157" 18 29 13 8 24 37 57 7 31 49
"g2158" 278 171 148 189 125 174 197 140 243 179
"g2159" 0 1 0 1 0 0 2 0 12 0
"g2160" 1 7 1 1 5 4 4 5 4 2
"g2161" 106 51 36 74 26 21 44 45 107 33
"g2162" 291 315 329 360 502 284 556 352 558 354
"g2163" 485 252 378 608 760 517 1137 440 315 1050
"g2164" 342 185 278 446 222 183 236 316 180 509
"g2165" 4 4 4 1 3 1 4 2 1 3
"g2166" 229 45 435 380 244 476 409 584 459 255
"g2167" 214 200 248 34 142 342 123 110 120 468
"g2168" 799 446 113 300 141 526 25 712 107 310
"g2169" 216 140 123 134 195 192 372 186 526 176
"g2170" 13 42 7 37 18 12 55 3 30 19
"g2171" 30 3 3 44 10 10 43 6 9 15
"g2172" 517 280 288 366 321 427 468 330 481 589
"g2173" 6959 2507 2301 2977 2029 3050 9237 5575 3073 4318
"g2174" 32 46 23 23 27 19 56 21 28 25
"g2175" 0 0 0 0 0 0 0 1 0 0
"g2176" 27 3 16 21 16 47 28 15 7 16
"g2177" 425 309 240 446 292 299 352 336 426 345
"g2178" 232 214 332 381 499 217 280 281 431 240
"g2179" 170 76 68 41 81 69 93 83 122 119
"g2180" 16 8 19 15 10 15 4 8 14 12
"g2181" 4501 2915 3365 3352 3912 3864 5295 3711 6224 4177
"g2182" 243 151 103 115 148 95 276 84 43 126
"g2183" 287 44 87 23 76 57 362 117 215 48
"g2184" 2629 1116 1850 2182 1515 1431 1355 2019 2785 1381
"g2185" 1906 1877 998 1583 1567 1079 2153 1589 2495 818
"g2186" 1924 768 887 2021 999 902 873 892 1365 968
"g2187" 378 240 487 653 758 331 1341 1030 1290 1085
"g2188" 2 5 4 2 3 0 5 1 4 1
"g2189" 103 44 82 116 89 63 91 54 123 99
"g2190" 43 49 15 69 24 22 75 34 43 40
"g2191" 51 37 34 32 40 23 19 62 16 38
"g2192" 5 46 26 20 54 4 33 24 41 28
"g2193" 329 88 40 148 80 59 132 77 328 123
"g2194" 3576 3877 3965 4481 3222 4982 5867 5458 7798 5595
"g2195" 9 3 0 0 0 1 2 1 0 0
"g2196" 5 0 1 2 2 2 4 5 4 2
"g2197" 50 49 81 57 65 24 64 47 75 73
"g2198" 425 136 89 137 136 314 241 360 160 188
"g2199" 52 47 22 73 77 36 58 40 81 54
"g2200" 37 13 19 9 14 12 27 33 35 19
"g2201" 346 253 320 370 234 357 721 434 539 341
"g2202" 1170 852 337 952 822 459 729 661 1043 574
"g2203" 191 406 854 86 201 405 335 264 179 558
"g2204" 421 399 333 289 691 438 533 344 464 379
"g2205" 805 741 865 1076 997 549 1003 768 1058 652
"g2206" 0 12 3 6 17 1 1 26 3 5
"g2207" 178 100 98 110 140 149 215 204 211 148
"g2208" 2353 1388 636 3100 2101 1425 2765 1119 2284 2859
"g2209" 1403 1814 1937 2051 633 884 2338 1189 3718 2328
"g2210" 85 82 90 27 5 33 134 38 5 63
"g2211" 30 30 2 4 75 91 7 18 187 55
"g2212" 274 307 104 238 144 136 158 36 496 192
"g2213" 1385 895 981 857 964 837 1237 837 957 1459
"g2214" 35 11 38 9 146 11 5 0 2 66
"g2215" 4 4 4 12 3 4 1 2 7 2
"g2216" 0 6 29 0 5 2 1 4 3 1
"g2217" 199 327 112 382 327 329 285 442 588 488
"g2218" 89 65 65 91 50 75 89 63 94 100
"g2219" 19 8 30 18 21 8 31 8 28 35
"g2220" 764 968 731 819 766 798 943 531 653 657
"g2221" 143 60 111 36 111 136 126 124 160 59
"g2222" 0 50 31 7 143 10 40 77 35 288
"g2223" 4 5 1 0 4 1 6 1 7 0
"g2224" 7 4 5 4 4 7 2 11 6 15
"g2225" 0 0 6 1 0 0 0 1 5 0
"g2226" 84 7 88 74 86 54 121 63 67 18
"g2227" 350 846 514 230 549 594 284 287 404 234
"g2228" 188 156 70 276 320 232 330 152 189 307
"g2229" 350 474 320 298 429 460 251 363 494 598
"g2230" 363 191 238 414 274 399 337 283 556 391
"g2231" 122 4 1 24 105 108 82 49 54 46
"g2232" 4 1 4 9 1 4 1 5 14 11
"g2233" 40 6 45 13 5 20 88 42 66 34
"g2234" 479 344 258 403 258 474 599 327 370 236
"g2235" 615 298 383 1357 250 429 1354 380 1602 762
"g2236" 9 7 8 5 12 4 11 9 25 3
"g2237" 2177 1679 2112 2465 1998 2574 3276 2110 3947 2268
"g2238" 163 14 24 9 61 729 335 48 276 338
"g2239" 76 69 96 108 68 106 99 92 130 72
"g2240" 178 463 470 852 842 475 1265 513 966 439
"g2241" 74 25 50 31 33 40 24 47 28 53
"g2242" 3 1 1 4 4 10 1 13 13 5
"g2243" 2 0 0 0 9 4 41 18 10 1
"g2244" 129 493 1409 1371 447 299 208 995 479 502
"g2245" 218 546 896 394 809 469 907 503 771 599
"g2246" 283 262 390 292 421 383 515 326 831 339
"g2247" 49 33 30 15 55 26 41 21 25 28
"g2248" 773 2497 1613 920 917 1543 2088 1797 1986 1577
"g2249" 799 258 583 561 378 600 721 530 695 627
"g2250" 1777 1036 537 941 640 395 1353 1101 1545 661
"g2251" 5 5 4 2 1 10 6 0 0 1
"g2252" 1144 1120 1006 1106 1395 742 1212 1174 1395 1228
"g2253" 914 776 619 888 822 996 1116 544 939 755
"g2254" 4699 2251 2079 2159 2903 1726 3421 1979 4740 2975
"g2255" 27 25 151 146 1164 169 392 509 35 301
"g2256" 333 48 126 221 293 233 236 282 278 84
"g2257" 97 51 49 42 79 63 78 99 40 24
"g2258" 1545 1964 2095 1023 1136 1898 1637 3274 2642 2767
"g2259" 0 12 7 2 6 9 4 9 2 3
"g2260" 223 210 160 293 75 105 102 269 136 207
"g2261" 94 67 50 78 72 23 126 41 301 56
"g2262" 458 1209 1678 373 486 2626 218 85 324 3760
"g2263" 11759 16218 5851 9406 3724 4930 17043 4114 9020 3096
"g2264" 88 63 9 194 26 75 26 92 25 42
"g2265" 423 284 324 522 280 472 648 385 544 571
"g2266" 765 497 714 817 612 659 959 392 827 768
"g2267" 416 411 257 576 619 665 1547 293 896 898
"g2268" 182 316 143 262 386 259 243 286 340 145
"g2269" 0 0 0 0 1 0 0 0 0 1
"g2270" 2758 1280 689 926 1474 1651 2420 1356 2749 2178
"g2271" 37 25 64 12 31 27 45 63 61 148
"g2272" 24 83 33 13 75 39 131 50 87 28
"g2273" 26 15 16 8 13 9 12 6 16 11
"g2274" 489 344 361 360 481 313 525 374 675 414
"g2275" 51 42 23 30 52 29 85 27 61 48
"g2276" 29 17 28 70 70 78 54 84 58 32
"g2277" 1 18 38 131 9 133 50 16 54 56
"g2278" 3 0 9 6 14 12 34 15 12 7
"g2279" 151 129 72 106 151 44 160 66 157 113
"g2280" 1 0 1 0 0 0 3 3 0 1
"g2281" 482 351 313 422 185 238 617 179 600 621
"g2282" 0 5 2 1 15 1 5 0 0 1
"g2283" 2959 1521 1987 1957 1664 1723 2723 1888 3362 2205
"g2284" 262 81 115 173 34 148 158 110 52 90
"g2285" 148 92 123 214 216 54 264 120 190 139
"g2286" 1004 585 547 1161 944 259 1759 561 1489 1674
"g2287" 172 41 26 176 3 54 117 168 111 388
"g2288" 96 48 63 51 102 74 125 49 29 39
"g2289" 34 5 36 49 19 81 101 8 204 8
"g2290" 188 53 2 1 221 5 104 57 5 2
"g2291" 609 172 353 598 996 124 819 572 715 262
"g2292" 391 221 220 440 427 481 241 304 672 434
"g2293" 68 10 43 28 33 16 50 38 51 62
"g2294" 8 3 12 8 8 12 8 3 10 4
"g2295" 857 351 406 429 645 312 626 364 717 416
"g2296" 1179 779 969 985 1013 659 1056 627 1139 571
"g2297" 6 2 3 7 6 3 5 2 8 6
"g2298" 370 204 321 204 189 330 525 467 192 424
"g2299" 8 3 10 12 1 0 2 1 2 3
"g2300" 1006 321 422 330 405 436 580 468 734 286
"g2301" 1011 473 575 857 127 500 657 337 749 696
"g2302" 148 201 362 79 267 210 203 167 176 341
"g2303" 3348 2207 2247 3251 6717 2390 4829 2663 3807 4602
"g2304" 12 11 9 16 30 16 37 12 29 8
"g2305" 702 891 493 1605 1164 1161 680 854 520 1255
"g2306" 1126 1040 1142 1683 600 1440 1092 1530 1226 1537
"g2307" 500 832 249 512 453 578 1059 686 716 602
"g2308" 4819 3173 3090 8630 6224 14098 8365 3908 7951 11404
"g2309" 44 4 27 23 39 17 47 50 34 41
"g2310" 37 24 32 39 49 72 49 24 42 66
"g2311" 243 97 110 249 108 123 273 133 258 324
"g2312" 2253 1589 1731 1527 2260 1718 2458 1759 2821 1584
"g2313" 0 8 6 7 5 27 7 3 30 36
"g2314" 77 48 38 39 59 46 34 0 22 81
"g2315" 67 23 39 42 39 34 90 48 92 38
"g2316" 37 5 35 41 31 52 127 37 45 28
"g2317" 435 76 734 464 1075 75 118 239 1040 174
"g2318" 1036 429 673 781 1020 672 1053 778 690 869
"g2319" 47 111 69 158 109 117 329 79 137 409
"g2320" 737 299 607 1088 842 792 2202 850 833 776
"g2321" 72 63 78 53 98 64 169 84 129 150
"g2322" 30 19 35 55 29 35 47 9 111 25
"g2323" 11684 5157 4285 2628 6407 4794 7516 3981 6367 4603
"g2324" 13 12 7 9 8 7 8 8 10 3
"g2325" 0 4 2 1 0 0 1 1 2 2
"g2326" 2635 2050 1306 1902 3380 2581 3298 850 2767 2896
"g2327" 33 30 39 14 5 13 18 5 22 16
"g2328" 387 552 470 278 727 327 674 359 535 534
"g2329" 38 92 111 65 267 58 107 109 13 304
"g2330" 707 476 543 636 800 505 1793 1125 460 655
"g2331" 22 13 10 12 25 42 11 18 18 29
"g2332" 17 6 11 10 4 15 24 18 9 8
"g2333" 819 481 575 615 1128 700 994 636 1129 1112
"g2334" 4 8 1 7 1 8 6 5 8 1
"g2335" 9 1 1 2 0 0 0 5 2 0
"g2336" 176 93 137 230 169 119 290 221 183 165
"g2337" 502 100 49 2 94 5 255 6 0 6
"g2338" 548 578 312 321 410 369 1099 270 721 872
"g2339" 5 5 3 9 6 8 19 10 7 16
"g2340" 223 139 187 205 123 124 143 123 437 268
"g2341" 2707 1613 2113 3987 2878 1839 3863 1336 2046 2286
"g2342" 1 4 4 9 1 7 2 1 9 9
"g2343" 0 3 0 1 1 2 0 2 1 1
"g2344" 6066 5672 5089 7640 7003 4117 5131 4443 7175 5943
"g2345" 0 0 0 0 0 5 1 4 5 0
"g2346" 163 120 416 200 89 51 185 97 194 144
"g2347" 12 7 21 12 12 11 34 10 12 14
"g2348" 2733 1547 841 692 1958 1283 1680 1071 1600 1477
"g2349" 75 45 5 8 19 0 51 313 68 3
"g2350" 340 603 382 177 476 647 648 551 531 555
"g2351" 448 276 105 296 353 418 685 272 341 344
"g2352" 1759 1467 1578 1264 980 985 1799 1093 1848 1271
"g2353" 189 153 165 235 153 220 344 191 281 221
"g2354" 3987 3015 1912 1896 2107 1732 1197 4695 2334 2548
"g2355" 793 430 461 483 456 398 1496 519 578 901
"g2356" 17 4 14 14 19 26 19 17 21 17
"g2357" 671 560 923 700 855 737 1193 933 750 679
"g2358" 0 2 3 1 3 6 2 2 10 4
"g2359" 51 25 74 71 72 24 79 73 18 37
"g2360" 140 208 183 186 222 164 154 159 236 228
"g2361" 6243 4312 5604 8874 3257 3575 6912 6450 5337 8068
"g2362" 15 8 12 27 16 29 33 15 55 28
"g2363" 91 63 69 102 77 66 106 71 142 46
"g2364" 2 3 2 3 5 1 4 1 3 4
"g2365" 62 50 26 57 50 23 73 45 56 82
"g2366" 46 59 53 34 69 97 179 92 100 62
"g2367" 1379 506 777 906 814 700 1295 674 767 1019
"g2368" 4 22 5 1 2 11 13 6 21 6
"g2369" 5146 2020 2355 3652 3369 2965 5878 2012 2777 4077
"g2370" 32 92 39 247 331 319 452 89 130 231
"g2371" 30 23 12 35 16 20 38 20 39 32
"g2372" 408 218 236 301 261 59 210 316 299 115
"g2373" 107 93 82 94 99 83 129 109 109 74
"g2374" 3027 2262 2396 2618 3061 3630 2642 2784 3544 3481
"g2375" 2 1 12 2 20 8 4 0 0 3
"g2376" 34 47 7 40 26 65 49 51 108 90
"g2377" 46 11 15 21 46 24 55 51 34 18
"g2378" 1260 921 610 671 604 1251 1322 445 1120 701
"g2379" 226 223 356 438 373 289 357 281 419 417
"g2380" 13701 7364 7314 14563 8337 8186 16935 12510 15229 14695
"g2381" 111 193 108 160 234 86 195 149 200 134
"g2382" 103 64 168 119 100 129 180 101 69 169
"g2383" 1416 1016 846 905 961 872 1272 924 1312 490
"g2384" 80 81 59 81 162 48 116 67 123 77
"g2385" 5 0 9 0 0 0 0 0 0 16
"g2386" 4 3 0 4 0 1 6 1 0 2
"g2387" 67 29 44 79 48 28 147 48 144 66
"g2388" 631 505 745 542 542 580 947 750 1094 935
"g2389" 323 292 189 229 310 275 536 241 259 419
"g2390" 1329 882 684 847 630 1074 1122 516 899 1178
"g2391" 155 181 203 254 252 225 382 283 405 248
"g2392" 4 2 12 3 6 2 0 4 2 7
"g2393" 2 2 2 2 1 2 3 1 3 5
"g2394" 1214 446 712 1567 427 981 348 323 654 1099
"g2395" 249 148 322 132 285 162 237 137 396 229
"g2396" 97 30 88 0 53 89 68 14 10 0
"g2397" 10 22 7 45 3 7 8 41 45 1
"g2398" 1157 1210 941 1347 873 887 2433 925 1724 1283
"g2399" 792 503 621 483 872 606 809 554 539 638
"g2400" 519 477 372 630 714 734 605 486 702 800
"g2401" 611 389 325 193 477 1143 827 574 264 426
"g2402" 9687 6294 7394 6581 10579 8169 4669 6431 12592 7330
"g2403" 3 4 2 0 1 4 4 6 1 3
"g2404" 342 191 539 220 422 257 479 251 614 843
"g2405" 107 69 51 62 139 37 37 95 121 68
"g2406" 8 5 3 4 1 1 7 2 3 6
"g2407" 163 94 319 211 70 136 89 67 162 251
"g2408" 8 8 5 2 5 8 10 4 3 10
"g2409" 951 2070 1642 1831 1194 1097 2541 594 2425 836
"g2410" 35 3 27 14 13 7 15 24 17 20
"g2411" 1590 683 763 488 857 804 1518 326 1335 1165
"g2412" 75 0 177 131 184 140 93 94 66 50
"g2413" 47 7 15 2 29 34 62 15 52 33
"g2414" 558 425 380 392 488 497 640 387 610 426
"g2415" 6 5 18 7 12 5 12 9 8 16
"g2416" 47 19 37 75 80 70 167 113 45 59
"g2417" 5 3 24 1 0 3 7 13 4 0
"g2418" 3 5 6 1 14 4 5 1 10 10
"g2419" 6790 2959 5288 4451 3299 2818 6266 4569 6319 3805
"g2420" 2517 1685 3336 1559 2190 2987 1688 1931 3783 1467
"g2421" 1609 1067 448 906 776 397 606 654 1067 1332
"g2422" 9 2 5 9 5 6 13 5 10 5
"g2423" 12 0 1 0 4 7 4 6 0 7
"g2424" 0 11 0 0 2 4 0 0 0 2
"g2425" 54 34 48 38 36 47 49 27 43 9
"g2426" 1365 1149 1470 1331 2496 2699 3591 2693 2093 1553
"g2427" 5 8 5 7 4 9 15 5 18 6
"g2428" 147 141 142 129 164 150 254 131 227 111
"g2429" 14 2 54 57 112 18 110 88 67 41
"g2430" 60 23 41 30 43 19 39 27 47 41
"g2431" 10 11 9 17 6 8 34 11 34 6
"g2432" 427 349 456 367 442 317 471 423 406 505
"g2433" 417 268 335 194 377 307 624 292 358 453
"g2434" 165 34 111 32 40 41 92 76 342 85
"g2435" 2550 1612 1137 2092 1345 2066 1517 1944 2959 1338
"g2436" 388 253 229 313 405 432 576 392 360 384
"g2437" 876 419 642 160 363 24 302 273 738 88
"g2438" 11 18 35 13 5 20 7 18 30 12
"g2439" 281 363 241 435 537 237 590 279 485 657
"g2440" 2 1 3 1 1 4 14 5 7 6
"g2441" 43 33 39 38 36 29 29 26 56 35
"g2442" 43 28 31 57 38 54 60 32 38 38
"g2443" 14 5 3 10 14 16 5 13 14 6
"g2444" 3109 1960 2716 1764 2127 2264 2533 1876 2570 1332
"g2445" 360 63 325 115 121 319 109 138 137 210
"g2446" 392 282 117 533 261 437 186 443 608 371
"g2447" 5 1 4 19 5 0 2 6 9 11
"g2448" 28 24 55 46 23 37 42 39 22 32
"g2449" 252 131 75 34 143 46 18 71 29 22
"g2450" 63 28 68 54 28 13 16 17 69 82
"g2451" 2 1 0 3 3 3 9 6 9 3
"g2452" 863 323 533 544 417 679 939 365 1301 384
"g2453" 21 9 3 0 17 14 13 13 14 17
"g2454" 19 27 25 11 16 17 16 22 31 9
"g2455" 4304 2620 1126 2204 6711 1567 4193 2279 2664 3205
"g2456" 1902 1394 1351 1397 1335 1253 2255 955 1782 1972
"g2457" 254 177 231 242 150 221 191 210 343 114
"g2458" 12 15 18 11 18 27 23 12 19 10
"g2459" 413 447 459 363 573 712 657 620 579 831
"g2460" 58 36 52 37 43 44 66 43 57 41
"g2461" 384 116 62 120 302 81 169 30 270 165
"g2462" 42 34 25 33 30 29 35 40 28 33
"g2463" 118 151 107 121 102 195 188 168 274 159
"g2464" 8 1 1 6 0 0 5 2 15 4
"g2465" 2 5 4 9 2 7 18 7 9 2
"g2466" 2681 1304 1489 1714 1383 2466 3741 1890 1928 2158
"g2467" 43 52 5 35 9 29 16 12 9 37
"g2468" 31 35 33 17 40 52 64 44 20 25
"g2469" 38 32 20 13 26 37 26 28 31 33
"g2470" 114 6 24 48 5 4 24 3 7 31
"g2471" 137 98 125 135 297 186 178 251 135 180
"g2472" 465 569 931 566 475 258 1384 252 869 631
"g2473" 123 118 101 74 101 77 137 72 239 114
"g2474" 119 187 108 183 122 178 279 131 106 129
"g2475" 36 27 15 45 17 58 36 15 27 16
"g2476" 170 325 267 632 588 284 218 147 815 406
"g2477" 13 1 0 1 3 8 8 1 13 9
"g2478" 1156 3408 2025 4574 4964 5617 1313 745 5117 7185
"g2479" 68 17 3 27 26 95 7 48 116 190
"g2480" 91 61 65 23 36 44 39 54 92 42
"g2481" 14 7 11 11 4 7 3 7 23 12
"g2482" 2 0 3 0 5 1 8 1 0 0
"g2483" 2636 692 1148 1729 1466 1119 2006 386 1826 1218
"g2484" 625 435 446 333 294 750 1463 717 1133 1053
"g2485" 1459 955 1052 1109 1059 890 2028 1365 814 1681
"g2486" 4005 3313 4012 1757 2064 2028 3331 1434 2240 1524
"g2487" 1732 1095 1189 1244 1526 1176 1584 1739 2335 1609
"g2488" 174 32 103 41 69 47 50 39 192 53
"g2489" 0 4 3 4 3 1 5 2 8 1
"g2490" 4476 3232 3923 3541 4036 4256 6794 4178 5375 4794
"g2491" 5 3 2 1 9 3 5 2 18 8
"g2492" 519 341 285 473 403 381 848 349 313 461
"g2493" 2 6 5 9 5 4 7 2 1 5
"g2494" 1065 602 906 780 543 770 1451 512 993 1224
"g2495" 747 457 655 539 496 592 850 505 1068 788
"g2496" 1238 993 1385 1026 1368 1367 1961 1595 1778 966
"g2497" 131 114 55 56 118 16 31 57 76 75
"g2498" 5 2 2 7 7 13 2 10 9 0
"g2499" 141 80 76 44 81 68 254 141 246 95
"g2500" 56 188 106 64 285 145 77 57 193 104
"g2501" 350 62 127 71 27 76 348 181 125 47
"g2502" 2 2 4 5 1 2 6 0 3 6
"g2503" 97 88 15 27 48 47 75 131 23 18
"g2504" 449 453 244 199 239 168 317 369 454 232
"g2505" 772 455 668 674 856 594 1243 572 1224 524
"g2506" 193 148 133 174 190 143 261 140 155 208
"g2507" 577 513 461 244 340 577 482 714 1067 365
"g2508" 3615 3731 4332 3307 3906 2630 4487 3028 4385 4112
"g2509" 776 1262 559 546 855 956 710 452 554 870
"g2510" 89 67 73 62 73 94 117 57 110 98
"g2511" 125 206 384 490 409 247 255 434 282 371
"g2512" 1563 1740 921 1176 1690 818 1232 889 2223 1592
"g2513" 326 106 180 175 213 282 382 232 273 218
"g2514" 323 229 225 238 223 212 345 205 402 245
"g2515" 66 34 56 30 16 17 49 24 59 13
"g2516" 3 3 3 2 2 0 0 0 0 0
"g2517" 202 145 204 170 159 98 373 150 272 220
"g2518" 11 2 12 28 15 3 14 5 12 2
"g2519" 393 173 183 180 89 113 307 247 286 157
"g2520" 3153 1371 1370 1934 1660 1742 3838 1755 2920 2073
"g2521" 22 10 43 23 16 20 37 14 20 17
"g2522" 10971 3171 7826 2207 4577 3187 5317 2407 11889 10868
"g2523" 76 47 77 32 53 45 73 34 85 49
"g2524" 140 35 100 118 75 265 94 181 141 188
"g2525" 0 1 0 2 4 0 7 0 0 6
"g2526" 1444 1212 2120 2432 1883 1352 1855 1794 2058 1726
"g2527" 53 76 54 53 52 98 113 35 145 95
"g2528" 177 243 234 179 230 190 355 149 298 280
"g2529" 64 195 72 254 105 136 182 66 2 385
"g2530" 1 5 2 1 6 6 3 0 5 7
"g2531" 2 42 6 205 9 52 7 105 10 2
"g2532" 34 3 8 28 16 52 22 30 57 24
"g2533" 2124 1013 992 1462 915 1260 2013 1254 1262 1680
"g2534" 23 5 41 30 52 47 55 20 63 72
"g2535" 31 17 7 6 16 6 13 22 50 31
"g2536" 290 399 573 335 353 319 760 385 318 323
"g2537" 145 9 40 111 138 173 273 101 314 257
"g2538" 0 0 0 379 0 0 13 0 0 1
"g2539" 978 899 934 825 678 410 683 1133 985 951
"g2540" 112 33 43 125 104 42 100 117 102 72
"g2541" 9141 5915 7017 8643 11351 5704 10314 12617 6663 6697
"g2542" 4 1 1 3 1 4 4 6 4 1
"g2543" 52 20 125 63 94 19 249 93 141 50
"g2544" 2682 2582 3138 2726 3386 1736 4686 2877 4167 2274
"g2545" 15 15 12 12 16 11 22 9 5 24
"g2546" 91 76 64 63 65 115 120 59 146 77
"g2547" 56 70 27 19 11 31 44 35 17 49
"g2548" 2851 2464 2108 2611 1194 2574 3308 2452 2653 2514
"g2549" 19 24 31 43 40 26 30 31 41 46
"g2550" 356 154 166 126 229 109 594 191 240 198
"g2551" 278 1266 194 568 202 178 278 698 432 777
"g2552" 3 1 2 7 0 7 5 1 1 3
"g2553" 112 64 3 7 10 45 163 8 3 3
"g2554" 0 1 0 0 0 0 1 4 1 0
"g2555" 9 2 1 2 0 0 0 0 7 11
"g2556" 802 1237 869 1704 792 1012 2279 1268 977 1475
"g2557" 772 1988 425 1024 780 1118 483 3234 1524 1683
"g2558" 1654 1204 1439 1400 917 634 2177 1263 2182 2697
"g2559" 2 4 19 7 65 4 1 0 20 0
"g2560" 91 70 147 62 67 123 83 173 128 90
"g2561" 13 5 7 5 10 10 5 7 13 4
"g2562" 146 200 71 233 316 186 275 15 388 176
"g2563" 1 5 4 5 1 2 16 19 7 2
"g2564" 26 15 10 11 13 18 23 6 10 15
"g2565" 499 470 313 310 451 423 402 460 451 431
"g2566" 464 447 362 463 340 371 586 328 550 521
"g2567" 15 17 12 3 11 4 14 11 7 8
"g2568" 182 155 231 200 258 268 236 352 255 189
"g2569" 95 106 43 180 193 172 256 172 148 385
"g2570" 51 57 63 74 123 109 240 79 70 216
"g2571" 8 5 1 4 3 10 11 1 9 5
"g2572" 847 260 1113 688 570 969 496 518 543 838
"g2573" 67 41 55 121 53 38 75 53 114 58
"g2574" 10 4 8 15 8 4 3 13 14 11
"g2575" 290 152 171 106 148 129 205 170 214 135
"g2576" 5081 3850 6158 3910 2697 3519 4205 8082 8283 2354
"g2577" 2 0 1 5 5 4 7 10 19 5
"g2578" 169 396 341 621 319 66 305 248 121 546
"g2579" 95 38 83 99 79 86 207 55 181 85
"g2580" 2 5 1 16 0 1 5 7 26 8
"g2581" 2039 984 833 1078 788 747 2163 468 1625 671
"g2582" 0 3 6 14 0 1 3 0 11 0
"g2583" 180 260 379 276 178 201 284 231 202 158
"g2584" 76 56 69 56 80 43 42 66 41 68
"g2585" 81 158 61 66 62 89 166 94 168 146
"g2586" 747 736 490 461 467 1187 1684 442 552 695
"g2587" 63 60 34 93 58 62 88 44 71 36
"g2588" 58 45 36 61 29 57 46 16 78 36
"g2589" 79 53 35 33 40 66 61 63 84 39
"g2590" 85 20 32 8 2 29 122 11 25 38
"g2591" 0 195 27 26 6 517 9 63 25 225
"g2592" 24 20 14 11 26 32 19 7 43 22
"g2593" 477 590 380 601 531 466 698 678 541 441
"g2594" 22 4 0 6 2 10 0 0 0 0
"g2595" 0 3 2 0 1 8 0 0 6 0
"g2596" 69 38 91 202 162 51 150 40 78 119
"g2597" 235 225 193 424 358 475 486 321 557 155
"g2598" 7802 6428 9048 11151 7593 5657 6511 10488 10064 5953
"g2599" 1056 682 489 637 660 1017 844 582 1150 965
"g2600" 31 57 43 40 12 231 200 57 127 5
"g2601" 82 81 121 113 80 87 107 173 165 74
"g2602" 0 34 2 25 18 6 27 2 7 7
"g2603" 291 368 603 284 247 426 713 587 1095 548
"g2604" 2187 1876 1730 2991 2880 1861 2337 1410 1672 2434
"g2605" 23 13 21 30 28 10 51 1 50 17
"g2606" 796 1018 787 766 794 1152 1287 801 1129 1299
"g2607" 674 435 540 262 539 620 768 578 671 627
"g2608" 23 10 16 17 3 6 28 3 8 21
"g2609" 7689 2614 5843 7332 1626 3058 11007 4999 8101 4558
"g2610" 9530 3367 4957 9405 3092 6792 14395 5437 12422 7969
"g2611" 147 126 146 140 253 162 342 134 190 160
"g2612" 36 14 7 1 43 16 16 19 21 14
"g2613" 3 14 15 12 5 13 15 35 31 32
"g2614" 238 142 119 68 334 188 320 135 326 222
"g2615" 177 119 94 116 159 112 112 88 188 158
"g2616" 129 60 108 68 66 84 175 42 63 112
"g2617" 232 2 0 1 1 9 190 3 89 174
"g2618" 318 318 239 268 286 395 441 379 442 358
"g2619" 17 6 9 10 4 8 11 3 8 4
"g2620" 5771 4102 3704 5089 4529 3187 7020 3447 5503 4253
"g2621" 318 186 207 124 246 276 331 211 294 170
"g2622" 41 19 28 18 27 31 46 15 37 29
"g2623" 0 5 5 0 9 1 17 4 1 8
"g2624" 596 1074 1375 577 366 304 2174 594 2015 781
"g2625" 45 100 5 42 49 3 152 32 15 0
"g2626" 148 99 107 73 100 133 129 111 130 87
"g2627" 33 24 19 17 19 16 37 28 42 18
"g2628" 16 11 27 7 12 23 38 14 16 26
"g2629" 54 0 7 83 141 0 13 25 14 0
"g2630" 339 226 272 246 267 236 268 157 286 196
"g2631" 40 23 18 4 16 22 39 18 24 5
"g2632" 2279 2255 2228 2284 1732 1887 2850 1922 3841 1296
"g2633" 625 128 487 207 196 315 807 135 359 248
"g2634" 1987 1543 1148 1569 2454 2765 2497 1606 3717 1571
"g2635" 83 125 29 171 132 67 183 156 108 126
"g2636" 12 16 19 20 22 5 12 18 30 17
"g2637" 18 18 6 15 10 15 37 11 20 7
"g2638" 1950 2543 1783 2123 1381 1098 1308 655 1521 483
"g2639" 159 127 145 185 161 77 208 184 104 120
"g2640" 2651 5214 3040 3546 3770 3634 6465 4518 5133 5680
"g2641" 75 8 31 48 38 2 40 72 79 42
"g2642" 126 162 49 134 24 22 137 129 49 78
"g2643" 503 474 1010 169 687 556 739 125 640 468
"g2644" 43 41 41 77 30 47 50 24 53 73
"g2645" 2811 1487 1771 3056 2572 2809 3220 1321 2996 2943
"g2646" 324 162 395 270 263 217 380 195 270 243
"g2647" 0 6 0 11 3 5 1 0 0 8
"g2648" 262 126 225 174 162 142 371 328 421 467
"g2649" 5 2 3 10 19 13 9 9 26 8
"g2650" 0 0 3 1 3 0 0 0 0 0
"g2651" 1983 1228 1320 1114 1191 1266 1967 519 2205 1440
"g2652" 773 205 659 527 483 344 690 439 824 610
"g2653" 4 4 7 1 8 0 66 6 13 9
"g2654" 197 180 158 251 226 161 318 128 217 284
"g2655" 65 30 88 39 49 40 28 45 72 69
"g2656" 1713 869 972 701 1058 626 1110 823 1179 1151
"g2657" 8 6 8 9 7 4 6 11 9 7
"g2658" 9 3 13 0 14 15 42 6 9 4
"g2659" 7651 7561 6874 2719 10465 3246 12847 2568 13521 8300
"g2660" 3 19 8 3 5 1 6 1 6 2
"g2661" 1437 706 875 555 582 691 1511 881 1198 1262
"g2662" 1512 966 958 1286 1155 962 1285 755 1394 1300
"g2663" 755 758 1287 1125 1693 1199 1917 1264 1690 1772
"g2664" 3 1120 253 738 1443 96 8 109 511 1451
"g2665" 0 1 3 6 2 2 0 1 0 5
"g2666" 936 495 586 983 626 559 893 361 782 531
"g2667" 0 3 0 62 2 0 0 23 1 1
"g2668" 866 507 650 1114 1020 792 847 817 1037 565
"g2669" 2298 1415 1649 789 1301 721 1650 898 1032 1443
"g2670" 57 35 112 172 48 38 74 74 132 72
"g2671" 5 4 14 39 9 26 18 5 4 1
"g2672" 60 11 17 71 18 21 51 12 17 65
"g2673" 6598 5642 5505 6752 7266 5467 11152 4816 9274 7297
"g2674" 1058 594 1035 1076 1620 1391 1924 1475 2328 1349
"g2675" 491 1529 736 411 514 920 1651 433 891 222
"g2676" 139 17 13 0 1 0 103 234 23 19
"g2677" 177 91 197 107 45 65 185 50 81 100
"g2678" 2595 3023 2074 1975 993 2369 3712 1908 2744 1997
"g2679" 62 41 16 36 8 13 121 12 191 225
"g2680" 586 236 448 651 241 358 642 295 658 144
"g2681" 82 119 160 131 32 30 67 127 102 59
"g2682" 106 7 105 33 15 99 184 93 142 31
"g2683" 181 52 28 69 36 161 57 123 132 158
"g2684" 5323 3108 2284 3677 5012 2958 2668 7053 8387 4038
"g2685" 180 82 66 100 127 148 169 121 182 107
"g2686" 581 205 363 116 250 225 386 196 330 375
"g2687" 20 25 11 21 14 42 34 12 34 35
"g2688" 19 17 32 7 22 21 52 27 23 11
"g2689" 64 24 49 23 41 29 77 39 60 63
"g2690" 312 211 183 287 105 218 394 225 230 209
"g2691" 1501 999 760 924 485 946 611 342 468 992
"g2692" 606 293 297 754 624 268 755 374 475 644
"g2693" 6 1 1 5 5 0 5 0 2 5
"g2694" 5 2 6 6 5 6 8 1 0 12
"g2695" 8 32 42 20 52 27 14 50 28 16
"g2696" 32 19 81 89 125 23 34 14 51 84
"g2697" 4 3 4 3 5 2 2 3 3 3
"g2698" 406 264 204 242 200 331 402 256 360 270
"g2699" 108 23 38 60 23 30 54 49 6 70
"g2700" 215 154 81 192 168 128 186 74 123 120
"g2701" 5 4 2 3 4 6 5 2 1 2
"g2702" 317 204 157 199 193 179 212 175 297 224
"g2703" 741 322 217 262 361 377 739 458 509 456
"g2704" 22 108 161 6 106 78 83 43 20 164
"g2705" 21 0 9 69 0 0 106 48 0 205
"g2706" 256 26 399 174 233 258 278 142 313 492
"g2707" 51 21 15 13 25 105 58 21 53 86
"g2708" 302 345 225 318 344 215 443 270 301 288
"g2709" 914 706 982 862 419 666 1737 948 2148 1795
"g2710" 38 6 18 9 19 13 5 10 30 1
"g2711" 250 135 167 215 227 127 231 194 319 276
"g2712" 212 182 272 353 242 98 123 495 113 277
"g2713" 8 6 4 2 0 0 5 4 1 1
"g2714" 10 6 3 3 4 12 11 3 11 1
"g2715" 70 43 22 24 33 59 91 63 73 57
"g2716" 68 1 1 14 6 137 5 123 42 75
"g2717" 2328 2120 2054 1394 2299 2201 2913 2463 2521 2242
"g2718" 138 74 94 100 98 103 71 84 90 82
"g2719" 9 1 4 1 3 4 7 2 3 12
"g2720" 919 1057 604 846 1401 672 2158 721 1292 740
"g2721" 749 395 522 592 507 542 853 529 755 713
"g2722" 500 617 108 581 507 253 355 168 274 267
"g2723" 56 7 16 39 16 21 5 21 1 26
"g2724" 238 46 139 81 420 341 239 150 204 317
"g2725" 237 62 141 122 206 171 138 158 438 178
"g2726" 1 2 6 1 0 0 5 1 4 0
"g2727" 3 6 6 6 9 7 9 2 5 1
"g2728" 1144 766 668 1014 548 596 1293 906 1158 855
"g2729" 25 26 24 17 2 3 5 26 7 11
"g2730" 40 89 33 62 34 61 68 41 9 90
"g2731" 427 244 284 166 312 258 215 65 344 68
"g2732" 6150 4053 4523 4695 4716 5173 7362 5754 6321 7158
"g2733" 723 546 303 282 405 324 530 411 452 334
"g2734" 99 29 83 43 61 76 84 69 64 58
"g2735" 28 14 10 8 16 14 26 11 15 17
"g2736" 530 402 840 668 616 232 648 1182 591 1118
"g2737" 44 52 41 70 44 29 75 38 57 47
"g2738" 3286 2281 1483 1214 2051 2400 1458 1018 1881 1696
"g2739" 180 51 210 57 54 332 534 352 508 308
"g2740" 391 619 486 1738 631 474 2348 690 590 1106
"g2741" 0 2 1 0 0 0 0 1 54 0
"g2742" 14 35 19 22 23 21 26 21 52 19
"g2743" 1 1 2 6 2 3 8 2 5 16
"g2744" 408 297 649 591 552 365 566 293 587 355
"g2745" 12 4 7 3 8 2 6 3 9 8
"g2746" 113 160 124 75 84 51 116 102 102 194
"g2747" 511 460 356 331 176 413 652 330 374 532
"g2748" 1 3 0 56 3 23 6 4 58 4
"g2749" 132 102 117 75 100 94 103 102 157 139
"g2750" 2961 2679 2399 2497 3121 1882 3334 2207 3659 3552
"g2751" 0 0 0 0 0 0 0 0 2 0
"g2752" 219 14 28 251 51 110 61 82 207 5
"g2753" 615 440 507 531 624 443 580 514 890 591
"g2754" 2125 1599 1173 1522 1825 1588 2758 2083 1917 1623
"g2755" 7 3 5 1 1 6 10 1 10 6
"g2756" 679 586 668 509 705 630 939 529 815 612
"g2757" 10 3 16 20 3 8 11 7 10 15
"g2758" 16 134 214 118 0 0 112 107 0 70
"g2759" 705 216 189 540 252 229 429 320 363 463
"g2760" 5638 3963 2769 6369 4415 2702 7632 3060 7600 5705
"g2761" 314 278 742 324 384 495 609 722 623 608
"g2762" 401 205 209 298 225 408 427 211 698 203
"g2763" 2511 2328 2950 2156 1310 1883 2358 1387 1857 2322
"g2764" 8 2 0 5 13 0 0 2 10 1
"g2765" 573 2126 1732 1857 1419 483 2815 2554 6725 2992
"g2766" 96 118 33 94 92 87 135 115 74 66
"g2767" 258 250 179 199 174 119 163 108 261 218
"g2768" 66 32 35 24 22 38 76 15 28 24
"g2769" 28 31 24 7 14 22 30 32 28 45
"g2770" 4 1 10 6 5 1 9 4 10 2
"g2771" 17 3 21 35 12 7 47 10 13 28
"g2772" 13 6 22 7 17 44 2 12 15 0
"g2773" 1962 1394 1544 1526 1346 1326 1570 809 1852 996
"g2774" 59 255 204 67 117 55 91 369 237 209
"g2775" 0 7 0 0 4 11 0 36 0 8
"g2776" 179 142 107 185 239 137 322 171 233 145
"g2777" 22 40 43 46 14 29 61 29 45 46
"g2778" 9 1 2 3 1 1 6 7 5 2
"g2779" 150 128 164 127 227 248 141 94 131 225
"g2780" 30 66 51 22 41 30 47 2 33 40
"g2781" 7 18 7 8 2 9 14 4 0 4
"g2782" 3 3 13 0 4 16 9 5 5 13
"g2783" 144 133 471 353 390 925 1214 803 994 721
"g2784" 1 4 0 0 0 0 0 2 0 0
"g2785" 760 385 383 594 180 577 709 668 687 681
"g2786" 708 465 556 699 445 398 1218 420 1049 618
"g2787" 52 49 28 22 29 24 30 51 65 64
"g2788" 24 2 16 14 15 15 20 19 17 17
"g2789" 1769 1228 1193 1281 802 829 2267 1416 1777 1667
"g2790" 211 136 97 228 184 166 214 142 191 143
"g2791" 91 143 73 233 193 86 223 69 66 151
"g2792" 9 8 9 3 7 11 16 7 16 7
"g2793" 77 35 64 137 43 123 149 231 179 103
"g2794" 26 12 21 14 6 37 44 27 36 12
"g2795" 0 4 0 4 2 3 2 1 1 2
"g2796" 2100 1020 1186 616 984 1564 1500 1777 2225 1236
"g2797" 13 0 1 5 34 5 8 11 13 6
"g2798" 3584 1963 2739 4013 5981 3578 6550 3197 5722 5121
"g2799" 2 1 4 1 1 8 2 3 3 2
"g2800" 1082 643 655 851 694 822 1378 959 1052 603
"g2801" 250 219 131 213 240 218 279 199 278 216
"g2802" 141 681 204 242 94 114 220 215 375 140
"g2803" 202 290 267 308 188 349 478 258 376 341
"g2804" 21 3 12 21 12 20 9 11 27 21
"g2805" 313 16 120 5 67 281 45 334 36 97
"g2806" 12 5 15 17 7 5 16 19 14 11
"g2807" 0 3 0 2 3 1 4 5 1 3
"g2808" 26707 11925 14347 33896 36572 48145 48219 24637 44133 35731
"g2809" 12 0 3 1 0 0 1 12 1 0
"g2810" 16 12 2 13 6 10 15 6 10 13
"g2811" 59 46 30 45 35 83 70 68 74 60
"g2812" 2162 1628 2213 1487 1509 2383 4215 1071 3983 1563
"g2813" 319 207 308 218 238 227 360 111 262 267
"g2814" 4501 3065 2551 3551 2297 2626 4672 3454 5489 3636
"g2815" 101 22 21 57 6 97 80 26 30 48
"g2816" 110 79 74 84 87 83 132 52 111 104
"g2817" 62 50 124 36 80 89 88 114 62 40
"g2818" 24 3 5 12 0 0 0 0 0 0
"g2819" 13 13 6 1 8 34 3 18 12 2
"g2820" 531 638 632 554 536 678 603 267 904 798
"g2821" 610 311 318 402 310 283 330 327 467 243
"g2822" 2189 1710 801 1713 1456 526 2843 2288 3868 1599
"g2823" 78 38 67 7 56 34 79 6 43 55
"g2824" 51 42 83 57 40 67 68 53 127 47
"g2825" 9 27 8 4 7 1 14 10 28 13
"g2826" 389 552 247 197 529 394 658 407 258 340
"g2827" 6 0 1 42 0 1 27 15 0 0
"g2828" 1208 1169 910 1181 891 820 1410 466 1436 1577
"g2829" 80 95 78 38 22 50 265 131 151 114
"g2830" 21 17 26 11 29 18 45 45 26 48
"g2831" 0 5 3 13 2 5 6 3 3 4
"g2832" 1077 564 710 626 482 640 1033 697 1285 856
"g2833" 63 69 71 23 28 96 95 121 92 133
"g2834" 49 52 73 45 84 59 23 59 93 81
"g2835" 16 52 27 28 8 18 24 33 12 26
"g2836" 11342 6296 8440 7351 788 11264 3196 2928 16440 3923
"g2837" 3000 1296 1849 1447 2437 2187 3706 3002 3402 1417
"g2838" 18 131 32 115 73 37 65 50 35 51
"g2839" 3133 3204 2267 2104 1043 3012 5344 2874 3664 2966
"g2840" 221 162 276 168 199 185 376 202 214 220
"g2841" 61 89 9 133 49 86 61 23 148 16
"g2842" 27 10 14 8 26 18 24 11 24 12
"g2843" 70 313 95 90 68 118 162 220 562 141
"g2844" 5 7 10 17 20 0 12 2 19 4
"g2845" 1244 89 341 929 1005 326 1422 348 502 714
"g2846" 4 2 2 0 4 3 4 0 7 1
"g2847" 5 1 2 4 4 4 2 4 0 2
"g2848" 1188 816 351 606 882 611 895 547 727 599
"g2849" 56 38 33 61 54 27 35 98 41 13
"g2850" 50 50 112 72 61 44 69 48 144 191
"g2851" 227 132 106 162 173 173 160 105 222 151
"g2852" 781 341 935 835 386 733 1081 444 911 971
"g2853" 20 1 1 10 19 3 23 40 3 8
"g2854" 1655 894 725 1437 940 936 519 675 1414 1163
"g2855" 0 5 3 0 9 9 4 0 16 0
"g2856" 697 1033 631 825 948 705 811 851 526 1348
"g2857" 3120 2979 3329 1730 3742 3916 4489 1715 2884 1630
"g2858" 91 92 70 123 69 85 72 64 101 81
"g2859" 2349 1854 2742 1597 2614 2224 2910 1972 3372 1786
"g2860" 11 23 58 17 12 39 191 8 17 25
"g2861" 388 190 212 276 148 168 344 205 322 161
"g2862" 218 369 151 801 102 184 39 885 489 82
"g2863" 236 93 68 164 71 112 201 179 106 176
"g2864" 137 77 44 13 10 61 44 5 51 126
"g2865" 317 138 279 157 107 168 297 131 253 256
"g2866" 77 61 64 111 114 83 107 37 211 55
"g2867" 60 21 49 40 34 87 48 4 75 8
"g2868" 5 12 13 11 15 2 10 6 24 11
"g2869" 80 39 85 15 53 48 18 24 159 33
"g2870" 64 51 15 160 73 57 5 72 208 130
"g2871" 355 600 1005 583 346 554 1105 524 846 559
"g2872" 94 34 57 46 56 50 57 46 80 83
"g2873" 4474 2808 5330 7526 1516 1925 4233 5017 4820 3674
"g2874" 32 49 32 57 28 13 35 39 49 23
"g2875" 361 1337 585 410 1079 457 782 1798 626 513
"g2876" 2 2 1 2 1 1 2 2 2 2
"g2877" 1105 1241 991 1378 950 1808 3170 679 2083 1990
"g2878" 14 11 14 21 3 11 24 16 7 16
"g2879" 1 0 2 6 2 2 1 0 5 4
"g2880" 49 48 83 56 44 92 63 44 32 33
"g2881" 340 580 594 660 671 497 676 1040 847 490
"g2882" 10 1 9 3 4 0 12 1 1 5
"g2883" 58 15 39 57 23 27 23 9 45 14
"g2884" 596 498 352 321 131 312 393 345 310 343
"g2885" 254 276 295 130 255 227 344 185 267 285
"g2886" 1185 650 800 653 860 794 1428 753 1048 1096
"g2887" 261 120 127 72 70 194 226 116 103 83
"g2888" 1554 3701 1281 822 846 1720 2754 602 2116 427
"g2889" 9 3 7 4 5 4 3 7 7 15
"g2890" 351 317 214 157 222 180 401 239 340 235
"g2891" 0 5 0 3 4 7 8 1 8 8
"g2892" 0 1 2 4 3 3 12 1 2 3
"g2893" 4 2 0 1 1 1 7 0 2 16
"g2894" 5721 3659 2709 2420 4062 4160 5500 2887 4161 3813
"g2895" 454 236 230 230 156 296 300 188 307 248
"g2896" 23 11 20 11 17 11 34 17 17 22
"g2897" 19 74 22 24 63 26 119 44 56 81
"g2898" 734 504 722 221 635 738 1523 1170 1631 1125
"g2899" 1141 432 553 894 462 825 1313 971 1028 913
"g2900" 18 144 109 20 62 74 156 62 43 15
"g2901" 0 0 23 1 114 0 8 0 0 23
"g2902" 8 1 9 7 3 3 11 9 5 5
"g2903" 527 247 301 340 447 448 124 219 629 299
"g2904" 3430 1951 1824 3052 524 1151 2854 1724 1749 1401
"g2905" 4 1 0 0 0 2 2 0 1 4
"g2906" 134 145 83 58 117 108 65 47 133 71
"g2907" 3972 2741 2380 6739 4674 5478 9149 4491 4211 4829
"g2908" 948 11 3177 11 331 4 4733 25 1459 418
"g2909" 231 165 167 246 172 237 334 143 429 105
"g2910" 407 363 523 419 977 562 525 424 719 726
"g2911" 347 321 249 294 319 211 324 362 339 258
"g2912" 289 84 93 59 171 251 498 333 249 174
"g2913" 3 5 1 8 1 5 9 4 2 5
"g2914" 400 149 214 234 203 278 375 461 556 171
"g2915" 1577 1219 1652 1962 2578 1365 2136 1586 1961 1892
"g2916" 1 3 0 7 5 3 7 2 5 2
"g2917" 0 0 0 233 0 0 0 20 0 5
"g2918" 199 144 417 288 95 231 54 105 243 55
"g2919" 0 0 0 0 0 34 0 0 0 0
"g2920" 2 1 1 3 2 2 2 0 2 1
"g2921" 16781 14003 13960 11399 12162 16194 15728 16152 25574 15189
"g2922" 6 6 5 0 12 1 6 16 0 28
"g2923" 1131 283 742 1247 1338 436 714 639 2031 1435
"g2924" 7 0 2 2 2 2 1 1 4 2
"g2925" 3 2 0 6 10 2 1 0 7 6
"g2926" 20 14 10 13 16 21 19 23 12 12
"g2927" 8 0 3 1 5 3 3 0 0 9
"g2928" 0 3 0 3 0 8 5 0 8 5
"g2929" 11 0 0 1 1 0 0 9 6 6
"g2930" 1473 826 1363 1066 1047 1118 2063 675 1486 1336
"g2931" 718 525 208 256 618 198 589 194 1080 873
"g2932" 21 25 17 26 44 11 29 1 17 13
"g2933" 864 495 378 424 308 434 734 539 1661 205
"g2934" 2352 1829 682 958 1203 1986 2647 1244 3501 709
"g2935" 14 0 29 14 33 25 41 48 5 16
"g2936" 105 59 104 81 82 91 287 132 62 91
"g2937" 43 48 82 44 55 69 93 53 73 34
"g2938" 5 4 3 4 1 3 2 1 11 3
"g2939" 13 2 9 11 4 8 5 10 12 12
"g2940" 177 96 0 34 727 204 118 18 46 185
"g2941" 0 4 0 2 0 16 6 0 0 2
"g2942" 1027 1217 1228 940 1139 447 1308 681 269 2498
"g2943" 12 12 8 10 4 9 6 8 10 12
"g2944" 1992 1145 1130 1528 1789 1527 2187 1632 2234 949
"g2945" 150 86 409 42 90 445 80 248 104 11
"g2946" 553 246 253 506 51 136 215 198 185 313
"g2947" 699 514 374 201 291 430 427 572 1306 510
"g2948" 56 49 48 39 85 33 81 67 65 72
"g2949" 263 90 170 357 183 240 374 87 603 591
"g2950" 175 104 87 90 176 165 157 200 210 159
"g2951" 263 393 281 331 283 250 683 212 438 170
"g2952" 1059 894 1991 632 1485 1426 1748 807 1406 619
"g2953" 3 0 2 4 0 5 2 1 7 2
"g2954" 0 1 2 1 1 2 0 2 1 4
"g2955" 48 22 127 18 79 82 38 21 209 69
"g2956" 4 3 5 5 4 1 3 4 6 2
"g2957" 6 2 2 3 4 1 3 3 10 8
"g2958" 55 45 49 36 51 32 65 48 74 53
"g2959" 19 5 8 3 10 1 4 9 9 1
"g2960" 1015 533 708 366 1156 590 736 521 573 851
"g2961" 8338 4741 5465 4439 6146 5177 8001 4188 9194 7928
"g2962" 22 3 12 7 13 2 15 8 12 7
"g2963" 837 816 513 355 1010 926 979 446 861 796
"g2964" 82 41 29 38 58 63 42 53 58 59
"g2965" 3 2 5 3 2 0 2 5 5 0
"g2966" 5434 2611 2432 3279 1832 4439 4422 2650 5203 3519
"g2967" 7324 6885 4228 4252 6009 5531 4117 5135 3282 6427
"g2968" 402 114 286 164 400 376 331 78 461 149
"g2969" 61 24 55 26 52 37 139 75 88 41
"g2970" 4 26 5 2 2 2 9 16 10 9
"g2971" 22 8 9 15 3 6 12 14 18 4
"g2972" 19 35 34 30 12 37 68 26 15 25
"g2973" 278 538 264 101 135 230 402 50 319 282
"g2974" 278 123 131 140 98 127 199 111 72 177
"g2975" 3383 2189 2096 1541 1889 1172 2253 1871 2710 1869
"g2976" 14 0 1 5 4 0 3 0 3 1
"g2977" 17 51 45 38 27 53 71 46 23 21
"g2978" 5 0 3 3 3 3 13 10 9 5
"g2979" 1013 705 696 921 1020 781 1385 1163 1029 1122
"g2980" 0 1 3 0 1 0 4 0 2 0
"g2981" 2291 1281 1568 1983 1460 1449 1935 1080 1947 1175
"g2982" 13 14 9 17 8 0 33 41 7 4
"g2983" 106 252 188 397 216 252 493 163 512 221
"g2984" 2443 1342 1712 2025 1507 1958 2165 1628 2411 2179
"g2985" 217 132 124 114 102 136 179 128 211 106
"g2986" 937 964 619 781 837 961 1276 813 1219 1372
"g2987" 8 6 1 6 2 8 16 4 8 6
"g2988" 591 4 335 122 271 78 116 376 134 548
"g2989" 3 1 1 2 4 2 6 1 6 3
"g2990" 390 264 367 455 682 684 709 461 751 632
"g2991" 63 86 65 56 86 57 104 139 94 51
"g2992" 383 140 62 235 192 141 253 232 298 259
"g2993" 30 7 29 33 26 34 38 21 28 18
"g2994" 16 1 0 3 9 17 0 0 5 2
"g2995" 84 48 43 108 70 46 88 45 62 49
"g2996" 408 414 605 308 405 394 460 474 728 514
"g2997" 1242 835 724 1044 960 753 1189 932 981 748
"g2998" 6 2 3 3 2 1 5 3 11 3
"g2999" 250 229 202 101 59 141 88 50 214 164
"g3000" 3211 2998 3081 2648 1687 1799 5434 3681 2959 2572
"g3001" 146 126 140 176 137 119 332 71 159 133
"g3002" 712 60 503 876 272 897 682 981 161 460
"g3003" 0 0 11 2 9 25 0 0 0 0
"g3004" 28 4 32 21 19 14 34 17 14 12
"g3005" 38 2 1 0 0 0 24 12 0 36
"g3006" 37 14 12 40 10 28 87 19 22 16
"g3007" 245 78 10 15 419 149 224 29 78 1063
"g3008" 76 80 42 155 85 61 90 53 194 172
"g3009" 113 269 86 134 158 127 361 40 240 249
"g3010" 324 181 292 365 208 256 741 411 288 299
"g3011" 381 241 354 333 258 239 247 206 301 185
"g3012" 2177 1984 839 2452 3437 1693 3012 2063 3678 1201
"g3013" 545 333 253 235 135 434 719 352 425 222
"g3014" 39 55 50 35 37 35 25 8 28 14
"g3015" 437 322 167 260 194 197 718 269 530 395
"g3016" 861 642 491 643 574 656 540 666 752 762
"g3017" 3 2 1 5 0 1 3 4 1 4
"g3018" 553 478 824 555 624 730 911 589 536 665
"g3019" 5 32 2 14 0 4 0 0 36 2
"g3020" 48 50 23 19 36 9 50 45 37 55
"g3021" 60 21 17 25 30 17 40 22 27 62
"g3022" 43 11 47 68 54 60 75 24 67 53
"g3023" 11 14 8 1 15 8 75 16 22 1
"g3024" 58 1208 171 344 641 728 691 813 285 1121
"g3025" 1 0 0 6 1 1 5 0 3 10
"g3026" 131 68 66 183 180 63 119 132 167 208
"g3027" 378 175 115 92 92 78 155 147 381 317
"g3028" 2093 1626 577 1251 896 1361 1824 1097 1713 1332
"g3029" 71 37 41 64 27 79 167 80 59 51
"g3030" 726 2023 1399 1923 1446 300 626 892 1345 1602
"g3031" 47 9 31 36 12 8 5 26 43 6
"g3032" 938 177 653 339 390 470 887 378 533 745
"g3033" 930 521 413 618 478 478 498 596 1017 382
"g3034" 107 93 70 81 119 90 91 95 154 69
"g3035" 13 8 11 22 5 22 6 8 12 1
"g3036" 1612 1004 651 609 481 442 1937 608 1259 1273
"g3037" 110 45 60 54 79 93 87 176 161 120
"g3038" 6 4 1 3 10 9 4 1 4 16
"g3039" 94 64 166 119 101 101 188 88 225 156
"g3040" 233 178 96 187 106 172 180 149 270 155
"g3041" 112 148 353 141 185 160 219 63 287 72
"g3042" 268 440 555 152 324 214 268 517 266 195
"g3043" 0 2 6 6 1 5 11 0 0 0
"g3044" 34 64 41 28 41 50 130 5 0 74
"g3045" 0 0 3 1 0 7 4 4 4 1
"g3046" 998 360 615 767 965 554 1009 758 1233 1007
"g3047" 36 2 30 20 7 18 23 1 11 8
"g3048" 195 292 154 138 317 183 309 249 366 191
"g3049" 276 64 218 114 120 16 474 51 338 135
"g3050" 10 12 6 22 17 30 46 55 34 68
"g3051" 3 0 0 2 0 0 24 0 0 0
"g3052" 6 5 3 0 1 2 29 3 18 10
"g3053" 108 78 106 44 66 37 177 74 111 153
"g3054" 62 4 7 9 9 4 18 12 11 12
"g3055" 469 617 745 707 351 299 925 463 1008 845
"g3056" 204 165 192 199 248 73 268 141 258 126
"g3057" 31 31 24 53 18 64 52 9 72 40
"g3058" 898 467 369 236 335 698 642 486 543 247
"g3059" 8 0 1 1 1 0 1 0 0 1
"g3060" 3 1 2 5 8 1 6 2 6 7
"g3061" 56 10 22 11 20 22 45 58 42 15
"g3062" 84 9 21 25 24 6 7 54 40 29
"g3063" 1391 416 281 300 631 322 441 393 229 645
"g3064" 46 38 149 111 47 57 108 130 65 110
"g3065" 156 87 60 96 128 125 169 146 244 218
"g3066" 188 57 49 80 29 66 37 115 48 53
"g3067" 517 555 602 145 306 524 1430 387 454 563
"g3068" 55 27 86 32 122 95 66 95 32 45
"g3069" 7 8 4 15 7 16 15 7 10 11
"g3070" 233 83 210 357 237 136 181 344 183 98
"g3071" 2128 2045 2153 2368 1055 1680 3627 1903 2988 2893
"g3072" 39 38 45 79 27 30 80 31 54 33
"g3073" 188 29 32 144 36 73 119 20 141 17
"g3074" 23 34 24 11 7 14 14 8 59 15
"g3075" 2058 1677 1292 412 567 337 540 92 716 307
"g3076" 7 3 3 0 5 4 4 3 8 3
"g3077" 2185 2006 2330 1424 5198 3136 6243 1637 8511 3558
"g3078" 5 5 1 23 0 35 17 3 18 19
"g3079" 5 5 2 2 5 4 7 4 3 30
"g3080" 288 166 240 104 159 253 413 241 323 363
"g3081" 681 500 436 610 572 717 1486 687 820 732
"g3082" 466 486 314 497 683 393 893 471 975 415
"g3083" 165 111 19 160 45 154 109 36 279 40
"g3084" 1051 931 1001 583 1150 780 1635 985 1448 1191
"g3085" 10 81 186 42 4 60 9 22 223 22
"g3086" 173 50 47 73 64 47 69 113 129 137
"g3087" 2676 1222 4686 2414 1004 549 3112 891 3029 3172
"g3088" 109 375 192 136 211 282 246 239 208 148
"g3089" 1514 597 897 4358 1372 1511 1883 1409 2266 915
"g3090" 57 26 131 193 111 130 184 160 120 118
"g3091" 46 145 84 89 114 15 93 11 82 54
"g3092" 193 153 27 691 461 290 53 116 73 405
"g3093" 217 63 111 69 82 42 123 155 45 195
"g3094" 530 382 432 429 365 414 531 390 503 349
"g3095" 2 3 7 6 6 5 3 4 0 2
"g3096" 2671 2023 3018 2077 2493 3451 2817 1709 2251 2546
"g3097" 617 306 503 588 442 383 1141 540 877 826
"g3098" 52 105 27 76 20 7 33 10 8 6
"g3099" 82 53 73 110 104 115 87 97 120 135
"g3100" 2 1 0 0 1 1 0 0 12 0
"g3101" 1 1 0 2 5 4 2 1 7 5
"g3102" 1 1 2 2 1 3 5 3 2 1
"g3103" 223 86 178 25 46 35 112 228 88 90
"g3104" 121 55 108 108 102 119 275 39 254 63
"g3105" 6 33 0 35 2 29 19 0 8 1
"g3106" 6 4 4 8 2 4 10 9 3 3
"g3107" 4550 3868 3442 4581 3480 2521 6696 4916 3093 3010
"g3108" 51 79 62 71 132 89 94 73 83 62
"g3109" 257 229 60 153 88 157 317 135 173 79
"g3110" 15 22 12 7 31 11 32 31 27 29
"g3111" 607 755 803 711 748 778 1056 713 929 834
"g3112" 9 1 3 3 4 1 6 4 8 6
"g3113" 1628 1219 1026 1096 1259 1439 1675 840 1663 643
"g3114" 4516 3062 2243 2762 3031 2679 4747 1777 2852 1669
"g3115" 4557 2890 2533 3523 5173 3091 4763 2408 2845 1380
"g3116" 117 70 9 0 117 11 107 6 55 8
"g3117" 18 5 31 34 3 6 74 64 74 81
"g3118" 1079 446 410 455 657 1499 904 889 1520 3529
"g3119" 274 301 167 212 351 315 431 276 509 330
"g3120" 570 466 290 353 546 520 690 605 827 544
"g3121" 138 114 116 193 128 131 223 123 122 186
"g3122" 146 113 124 16 90 308 333 161 183 81
"g3123" 190 70 44 4 44 20 36 20 7 45
"g3124" 223 104 170 166 239 240 340 156 170 199
"g3125" 753 409 283 394 348 471 596 290 780 585
"g3126" 389 270 337 121 220 507 174 351 318 402
"g3127" 2 0 0 1 4 5 6 1 2 0
"g3128" 4 16 5 1 5 4 10 5 11 3
"g3129" 0 1 0 4 1 1 3 0 0 0
"g3130" 115 85 82 149 263 32 285 90 206 390
"g3131" 8 7 2 3 3 3 4 3 7 5
"g3132" 237 209 254 411 306 341 397 415 271 151
"g3133" 191 71 585 45 144 531 1072 523 458 206
"g3134" 540 296 546 302 872 253 299 259 695 843
"g3135" 20 7 8 10 19 9 20 13 9 4
"g3136" 16 0 6 2 1 1 7 2 5 2
"g3137" 1982 2352 879 1452 904 1678 1784 1691 3316 1206
"g3138" 862 234 289 123 508 435 578 429 633 625
"g3139" 14 2 7 24 29 14 23 4 34 5
"g3140" 1280 2316 1318 1955 1315 1285 3227 2324 1417 2031
"g3141" 1155 1901 1264 1122 744 1948 1585 805 1771 1515
"g3142" 108 440 66 697 138 141 445 86 53 396
"g3143" 50 0 118 117 58 223 82 24 70 97
"g3144" 753 274 338 216 432 126 633 184 667 635
"g3145" 107 32 79 39 103 18 116 49 86 59
"g3146" 131 37 44 138 50 395 142 205 158 476
"g3147" 2598 966 1161 2601 2011 3041 1520 636 841 1747
"g3148" 1191 1242 798 1535 1863 1011 1189 671 1580 1199
"g3149" 0 0 0 0 0 0 3 0 1 0
"g3150" 705 259 508 639 704 383 657 336 538 731
"g3151" 24 14 4 15 11 16 33 22 23 19
"g3152" 2331 1826 1018 2240 1761 2866 3289 1369 2544 1680
"g3153" 2634 1601 1600 2159 2797 2623 1113 1517 3692 3807
"g3154" 39 8 13 18 11 27 16 28 23 5
"g3155" 155 166 177 162 296 169 278 151 369 197
"g3156" 82 105 130 82 68 70 133 77 126 99
"g3157" 226 170 151 112 221 197 267 220 287 240
"g3158" 106 48 36 161 36 58 65 78 44 28
"g3159" 224 225 249 452 413 297 256 262 349 376
"g3160" 1037 731 376 310 281 300 327 1110 491 892
"g3161" 11 11 14 19 18 9 11 10 24 10
"g3162" 9032 4029 2595 4448 2538 3658 5058 3875 7727 3401
"g3163" 657 694 495 710 796 482 1296 435 813 351
"g3164" 99 581 319 62 8 42 109 231 10 224
"g3165" 278 64 82 96 53 65 90 88 257 122
"g3166" 4 8 16 10 21 8 30 15 37 12
"g3167" 1893 1450 1047 1119 1260 1801 3397 1450 2344 1159
"g3168" 3616 3266 3457 2746 4422 4067 5681 4100 7705 4913
"g3169" 1729 1135 1252 1236 1149 924 1514 1058 1601 1280
"g3170" 328 190 352 252 571 842 867 165 323 332
"g3171" 478 810 494 725 669 580 690 144 534 436
"g3172" 27 11 13 24 37 16 20 12 32 32
"g3173" 690 611 780 808 761 508 754 552 594 557
"g3174" 886 72 276 511 299 169 656 213 51 374
"g3175" 18 41 21 13 32 57 60 64 25 15
"g3176" 108 251 567 454 27 672 442 61 403 104
"g3177" 47 63 63 69 27 62 117 96 55 90
"g3178" 484 345 244 311 351 510 590 490 672 280
"g3179" 110 88 102 132 131 124 207 72 158 72
"g3180" 242 328 976 209 327 540 239 34 80 539
"g3181" 3232 2146 1530 3914 3185 2388 5448 4937 4935 4455
"g3182" 834 760 630 1021 511 681 1035 501 1067 928
"g3183" 15 4 7 10 6 13 13 12 13 15
"g3184" 1372 1492 1281 2051 1999 2483 1358 2749 3077 3163
"g3185" 60 33 23 32 13 9 63 20 27 29
"g3186" 2414 2524 4642 3016 1730 1956 3659 4003 3732 3112
"g3187" 597 383 746 510 790 778 793 389 553 399
"g3188" 102 70 107 47 68 64 116 84 54 74
"g3189" 2 4 4 2 0 2 1 0 5 1
"g3190" 40 53 57 30 28 58 118 61 52 52
"g3191" 2 2 0 2 3 3 2 2 3 3
"g3192" 1 0 1 1 1 2 0 1 1 1
"g3193" 637 667 367 691 391 573 488 583 760 622
"g3194" 3526 2618 1786 1509 2240 3336 2002 1953 3011 3714
"g3195" 1083 1264 1948 1804 900 1687 2400 1142 2399 1334
"g3196" 16 6 19 60 34 31 4 17 34 48
"g3197" 9 0 3 0 6 0 7 3 1 0
"g3198" 399 318 318 370 253 331 369 333 480 328
"g3199" 6205 6290 4857 4688 12579 6421 7420 4850 9621 7128
"g3200" 5 6 4 0 1 0 0 0 3 5
"g3201" 749 475 869 538 416 570 1117 635 793 547
"g3202" 73 73 29 52 80 40 115 48 114 65
"g3203" 6 1 26 21 24 5 40 34 33 2
"g3204" 9 2 3 4 1 1 3 2 0 2
"g3205" 856 779 724 368 435 620 1056 729 796 862
"g3206" 644 285 1114 517 442 716 1049 379 874 1427
"g3207" 4 3 4 3 6 6 4 3 7 10
"g3208" 1 1 1 3 0 3 5 11 4 5
"g3209" 7 38 122 1 67 25 42 28 4 2
"g3210" 1283 1161 1271 846 1213 1866 1586 1820 1112 1009
"g3211" 137 201 130 133 141 77 283 55 192 93
"g3212" 3049 2268 2290 2427 3715 2366 4371 2184 2542 2670
"g3213" 2927 1893 3309 1872 3232 3023 2457 2423 3880 2881
"g3214" 5211 2940 2892 5270 3119 2189 2135 2579 3898 6590
"g3215" 39 0 1 0 81 21 287 61 12 29
"g3216" 11 4 3 9 6 1 16 7 10 7
"g3217" 88 298 306 60 638 235 337 57 169 259
"g3218" 4 2 0 2 9 3 1 3 6 2
"g3219" 1224 1200 788 921 1460 1066 1449 1251 1312 1061
"g3220" 1 0 0 1 1 3 0 1 2 1
"g3221" 11 15 7 10 8 0 0 6 3 6
"g3222" 43 85 72 43 14 108 3 67 48 71
"g3223" 10 16 3 15 14 23 8 2 8 2
"g3224" 1960 1137 1991 1333 1168 1701 1474 1563 1939 1658
"g3225" 310 164 144 195 320 336 191 126 695 269
"g3226" 109 30 68 103 71 8 49 27 109 60
"g3227" 388 178 235 221 252 190 201 100 323 315
"g3228" 1412 773 962 610 950 1377 1130 561 1314 1272
"g3229" 15 8 10 7 9 7 8 12 7 7
"g3230" 382 290 661 498 246 755 370 224 666 1065
"g3231" 770 65 238 261 742 297 858 313 413 1011
"g3232" 611 73 294 73 135 255 266 18 74 193
"g3233" 253 67 295 101 122 200 284 123 476 102
"g3234" 362 182 298 439 230 268 459 227 316 220
"g3235" 46 404 48 0 114 1 33 31 23 78
"g3236" 213 138 66 95 69 172 51 51 93 122
"g3237" 146 58 92 78 86 91 138 98 140 109
"g3238" 22 29 36 26 43 28 35 52 52 33
"g3239" 126 72 35 72 246 70 150 52 39 284
"g3240" 31 1 13 23 22 17 5 16 3 4
"g3241" 12 5 3 0 4 5 9 1 5 5
"g3242" 51 51 52 114 48 68 55 82 68 41
"g3243" 590 265 174 368 233 238 306 413 325 509
"g3244" 103 54 66 72 50 39 103 72 152 61
"g3245" 15 0 54 11 20 66 16 19 123 10
"g3246" 503 367 548 341 514 281 1353 219 336 644
"g3247" 52 24 35 41 28 21 51 24 57 34
"g3248" 30 555 176 186 55 306 362 224 226 84
"g3249" 640 403 511 1022 403 322 616 326 446 244
"g3250" 2483 1337 1613 1975 2065 1343 2559 1563 2393 1908
"g3251" 19 12 10 8 0 8 13 7 11 15
"g3252" 1415 1236 625 649 1270 1043 1584 1437 1270 1931
"g3253" 91 43 101 23 189 58 130 66 113 159
"g3254" 3 4 5 7 2 3 2 2 5 2
"g3255" 1365 1609 1013 1164 794 787 1630 1567 1508 775
"g3256" 69 50 70 51 57 59 93 40 109 83
"g3257" 1361 720 524 748 531 738 2077 356 973 1023
"g3258" 26 12 8 19 13 3 7 4 12 9
"g3259" 1431 1008 840 1217 1181 895 1477 1135 1254 1072
"g3260" 3 3 10 5 5 1 0 3 3 3
"g3261" 734 324 420 789 885 938 1638 684 645 535
"g3262" 577 219 190 711 266 383 755 321 973 262
"g3263" 570 138 149 150 275 170 503 330 165 521
"g3264" 25 37 24 32 40 22 35 48 60 41
"g3265" 14 7 12 8 5 9 9 5 12 5
"g3266" 453 163 309 295 229 181 619 221 293 551
"g3267" 4473 2456 2606 2331 2084 2262 2520 3234 2832 3671
"g3268" 20 3 5 4 1 5 5 1 4 5
"g3269" 7 3 1 5 4 1 5 1 6 4
"g3270" 23 20 12 9 31 53 15 15 38 36
"g3271" 0 3 0 4 3 0 0 16 9 3
"g3272" 195 130 114 188 343 206 460 122 857 239
"g3273" 91 31 14 18 42 29 136 73 15 53
"g3274" 4 10 15 1 0 1 7 3 8 16
"g3275" 40 25 39 68 115 44 22 54 39 75
"g3276" 603 614 877 734 572 855 1048 577 726 1279
"g3277" 299 305 346 208 367 197 411 275 230 376
"g3278" 142 71 52 98 125 86 166 75 135 61
"g3279" 56 35 22 9 30 46 54 28 64 57
"g3280" 2 5 3 2 2 17 1 5 1 2
"g3281" 6 3 1 3 1 0 5 2 3 3
"g3282" 0 0 0 0 3 2 3 1 5 0
"g3283" 4108 1254 6756 3644 1392 4632 6310 6561 6204 2289
"g3284" 8 4 9 10 1 7 4 2 8 5
"g3285" 161 161 258 448 82 359 147 110 126 167
"g3286" 0 0 0 0 0 4 5 0 0 0
"g3287" 51 72 7 11 17 66 30 16 61 6
"g3288" 17 0 7 8 2 0 5 0 0 2
"g3289" 9 2 0 0 1 0 44 32 0 8
"g3290" 252 140 108 211 309 129 206 116 360 123
"g3291" 22 4 13 8 7 16 8 12 17 6
"g3292" 25 5 3 0 12 13 3 5 15 8
"g3293" 8 22 26 36 12 30 12 14 17 9
"g3294" 31779 8150 12363 10948 17671 12646 15550 6908 20601 23933
"g3295" 6 4 3 7 6 16 11 23 7 9
"g3296" 13 9 5 12 7 14 12 5 4 7
"g3297" 58 17 26 56 19 61 61 20 67 63
"g3298" 1985 459 273 1757 486 2174 448 1434 626 581
"g3299" 12 58 0 11 34 142 66 60 107 105
"g3300" 699 497 446 429 406 491 676 420 800 607
"g3301" 39 31 66 31 50 55 46 47 38 49
"g3302" 2 8 33 7 78 13 27 16 7 43
"g3303" 156 94 221 104 110 114 407 311 268 235
"g3304" 5 15 10 10 17 3 0 6 22 5
"g3305" 2 3 6 2 5 1 0 1 4 5
"g3306" 68 46 36 43 84 51 40 45 82 75
"g3307" 743 148 602 173 529 239 368 225 471 261
"g3308" 138 64 43 46 114 73 127 74 100 284
"g3309" 5516 2140 3798 5400 5267 4297 6431 5181 5443 3978
"g3310" 6 6 3 7 5 6 9 1 5 6
"g3311" 9 0 0 0 0 1 3 0 4 3
"g3312" 17 15 20 10 20 21 20 19 12 17
"g3313" 332 176 219 230 241 218 281 241 291 210
"g3314" 102 25 42 43 76 69 137 108 77 74
"g3315" 1847 1879 3177 2483 2861 2081 2311 1871 3723 1922
"g3316" 389 85 358 101 81 178 363 171 188 139
"g3317" 1393 756 747 889 756 456 825 912 1103 599
"g3318" 10146 13710 1543 9112 8318 6359 12421 13679 15743 18371
"g3319" 140 97 88 121 108 105 183 91 186 121
"g3320" 14 17 49 20 80 19 72 19 65 56
"g3321" 324 206 386 132 218 237 239 239 488 406
"g3322" 10 21 15 25 17 4 32 23 11 38
"g3323" 1976 306 816 1212 1113 1083 2217 618 970 1037
"g3324" 191 175 134 183 154 150 252 129 242 195
"g3325" 0 2 0 14 1 1 2 0 4 1
"g3326" 306 147 170 181 175 138 342 134 231 215
"g3327" 18 10 18 3 35 26 17 11 27 15
"g3328" 483 115 346 454 358 269 904 428 392 249
"g3329" 11 10 13 83 20 36 77 38 40 16
"g3330" 8 118 69 14 8 8 60 75 151 30
"g3331" 5 7 1 2 5 1 3 2 10 10
"g3332" 6 0 2 0 0 5 0 4 2 0
"g3333" 39 58 46 19 31 39 64 35 30 62
"g3334" 1480 1763 986 2585 3097 1445 1996 2776 2254 2474
"g3335" 6180 11562 5645 3619 3255 2218 10559 7715 7411 3137
"g3336" 132 93 92 132 99 108 192 112 114 110
"g3337" 12 5 2 5 0 3 36 3 43 7
"g3338" 816 851 666 974 628 760 1303 1068 984 759
"g3339" 1751 566 635 455 471 564 722 338 640 187
"g3340" 232 157 140 44 47 122 223 28 134 189
"g3341" 90 32 42 107 42 83 100 75 82 77
"g3342" 182 60 99 108 57 140 124 295 172 171
"g3343" 131 97 55 27 65 47 63 45 120 107
"g3344" 56 82 50 47 53 48 92 38 35 84
"g3345" 12 34 298 2 572 13 68 79 97 161
"g3346" 18 22 5 24 16 15 24 19 15 15
"g3347" 194 217 124 230 205 340 393 351 164 295
"g3348" 89 104 61 67 82 65 103 68 56 72
"g3349" 140 107 51 42 82 29 59 53 96 46
"g3350" 511 639 731 842 568 352 1824 425 792 467
"g3351" 733 338 406 160 902 136 367 452 492 589
"g3352" 289 188 239 167 273 191 352 270 182 182
"g3353" 6 5 1 1 0 2 4 3 4 1
"g3354" 61 43 49 16 15 5 9 24 4 62
"g3355" 338 39 44 82 199 63 182 83 22 181
"g3356" 21 4 32 9 30 31 23 6 26 17
"g3357" 200 85 117 223 136 96 286 99 191 166
"g3358" 173 202 94 138 230 86 193 151 79 90
"g3359" 2088 942 714 677 935 461 1315 1170 2000 960
"g3360" 173 25 0 0 46 2 13 56 35 62
"g3361" 68 22 64 61 28 78 69 43 49 54
"g3362" 11 8 8 8 7 2 6 1 8 3
"g3363" 259 48 172 197 104 66 222 178 321 138
"g3364" 7 8 17 5 14 10 42 6 54 43
"g3365" 6 3 4 3 3 4 8 1 1 0
"g3366" 3 2 1 3 0 5 4 1 10 0
"g3367" 223 137 191 180 245 201 286 202 245 250
"g3368" 612 460 593 1168 702 339 1158 447 1569 80
"g3369" 0 4 0 1 0 8 0 0 15 0
"g3370" 6 3 1 0 1 2 1 2 15 3
"g3371" 13 11 8 10 47 4 7 12 18 19
"g3372" 221 126 273 262 107 136 191 135 221 256
"g3373" 1650 337 596 229 918 270 1328 259 1006 272
"g3374" 695 529 718 294 792 800 1107 587 1195 1214
"g3375" 127 93 85 124 83 108 143 90 141 135
"g3376" 243 130 165 244 219 109 340 212 163 194
"g3377" 0 4 32 1 2 7 4 5 4 1
"g3378" 1914 601 757 519 658 931 1569 747 1383 714
"g3379" 33 53 9 24 54 111 20 3 24 40
"g3380" 70 70 69 37 43 76 76 52 27 50
"g3381" 17 45 43 53 60 45 55 56 46 90
"g3382" 1269 662 692 639 473 414 1376 1914 1049 1730
"g3383" 2 3 3 1 0 0 5 3 1 3
"g3384" 1 49 9 3 0 10 34 6 6 12
"g3385" 194 167 60 239 78 226 194 133 402 82
"g3386" 8542 6781 5255 5867 5763 7713 10206 9252 8032 8930
"g3387" 29 26 12 20 14 44 20 9 18 22
"g3388" 145 40 52 72 87 43 158 73 142 40
"g3389" 4 2 0 1 0 0 2 1 2 2
"g3390" 75 41 41 52 23 39 57 26 65 39
"g3391" 83 71 58 69 78 49 107 54 92 53
"g3392" 3785 1890 2494 3173 3296 2819 3774 3136 4130 2048
"g3393" 188 125 142 107 166 122 179 97 110 99
"g3394" 1 23 77 27 0 56 138 30 79 1
"g3395" 111 62 66 120 86 70 101 81 154 98
"g3396" 8 3 4 1 7 1 2 9 10 6
"g3397" 10 6 10 3 4 3 4 9 6 5
"g3398" 2 2 2 7 5 5 12 3 5 3
"g3399" 27 46 14 22 41 12 26 20 38 37
"g3400" 12 10 10 8 10 12 11 20 23 20
"g3401" 241 100 97 36 206 131 194 166 178 106
"g3402" 291 523 275 429 451 262 604 351 456 559
"g3403" 64 4 19 41 12 38 60 17 71 70
"g3404" 11 2 13 3 3 12 2 4 1 7
"g3405" 84 114 71 139 114 126 83 91 150 157
"g3406" 0 2 7 2 1 2 1 8 2 1
"g3407" 72 63 99 114 33 15 66 63 185 59
"g3408" 7 10 39 25 36 33 29 27 43 44
"g3409" 6 2 3 1 5 5 6 3 9 3
"g3410" 1334 2095 1557 1129 806 1943 1801 2048 2556 679
"g3411" 1617 1285 782 1316 1085 545 720 1187 1243 803
"g3412" 2326 1602 2026 1322 1390 2257 1697 1346 2464 2447
"g3413" 29 23 32 30 46 19 77 37 77 23
"g3414" 1227 717 1079 979 1436 1001 1417 1106 2344 850
"g3415" 422 761 214 586 364 649 1097 476 886 494
"g3416" 152 160 132 171 229 103 294 198 182 136
"g3417" 372 179 149 238 182 191 457 192 266 208
"g3418" 1122 1169 579 989 1443 456 1988 856 2760 1253
"g3419" 235 188 193 176 206 196 225 152 269 233
"g3420" 4 0 7 41 13 15 13 3 0 14
"g3421" 5 1 5 3 3 1 2 4 8 4
"g3422" 35 26 22 17 4 28 73 29 37 29
"g3423" 28 9 0 1 4 13 2 10 55 8
"g3424" 2 3 0 0 2 0 0 10 11 0
"g3425" 122 95 39 64 54 71 100 35 82 20
"g3426" 22 60 42 1 23 24 27 53 79 53
"g3427" 46 204 33 254 20 60 270 128 25 201
"g3428" 1167 808 845 770 880 876 1043 992 1671 1102
"g3429" 18 7 3 5 3 6 54 2 1 0
"g3430" 297 248 454 441 336 398 473 658 1017 157
"g3431" 78 75 36 55 142 29 135 88 144 125
"g3432" 237 152 198 70 120 336 91 259 115 94
"g3433" 465 316 281 843 589 325 655 454 598 597
"g3434" 7 3 8 13 6 6 15 7 18 11
"g3435" 778 835 735 903 658 377 570 411 870 703
"g3436" 470 480 785 651 742 641 1533 733 1181 365
"g3437" 596 195 312 356 293 199 1136 280 339 447
"g3438" 1842 1424 1235 1248 1070 1839 1844 2170 1558 1904
"g3439" 623 301 476 349 504 405 578 375 495 438
"g3440" 434 515 303 742 803 641 549 435 1833 2267
"g3441" 188 0 192 318 487 13 61 0 484 467
"g3442" 2796 2151 3484 3135 2598 2943 3769 2419 3646 2718
"g3443" 46 30 26 38 65 36 62 67 48 22
"g3444" 339 180 237 292 169 192 267 176 333 362
"g3445" 288 267 184 183 251 170 136 212 118 288
"g3446" 15 19 12 25 11 11 48 8 13 4
"g3447" 3381 1947 1335 2062 1164 1203 1595 1134 2302 1953
"g3448" 9259 5246 4341 7773 6204 11440 12006 7883 4462 6875
"g3449" 231 135 342 265 280 235 467 439 295 188
"g3450" 13 11 12 8 13 9 19 14 12 8
"g3451" 2870 1948 2590 2147 2603 2279 3545 2365 3301 3185
"g3452" 109 63 110 94 117 132 108 92 122 130
"g3453" 892 600 217 653 971 546 893 595 239 794
"g3454" 0 3 1 1 2 1 4 2 0 1
"g3455" 24 34 39 40 21 11 37 12 32 36
"g3456" 39 28 41 57 97 16 131 58 123 79
"g3457" 155 150 258 288 73 146 138 82 306 156
"g3458" 105 63 30 78 67 33 115 108 166 73
"g3459" 3216 2367 592 1757 1699 1343 3554 1718 3659 2941
"g3460" 22 3 2 33 6 5 23 3 7 18
"g3461" 687 157 377 268 919 404 487 355 584 759
"g3462" 1060 1225 726 1398 1477 1125 1871 1601 1235 1116
"g3463" 28 57 11 45 27 29 46 37 120 57
"g3464" 1 18 15 3 0 8 4 0 0 1
"g3465" 854 694 862 471 1365 631 620 758 1179 412
"g3466" 176 79 64 293 200 189 444 26 512 32
"g3467" 17 3 20 2 1 2 8 7 12 20
"g3468" 42 54 33 21 38 27 28 28 38 45
"g3469" 27 32 280 104 101 51 246 26 109 148
"g3470" 349 349 445 278 203 235 531 303 466 197
"g3471" 1313 354 111 234 259 529 586 260 562 187
"g3472" 459 211 185 497 159 287 1071 477 570 266
"g3473" 2459 1401 1781 1596 1592 1541 2760 1370 3009 2638
"g3474" 164 234 71 336 597 270 521 411 287 118
"g3475" 266 147 90 100 87 217 173 190 344 164
"g3476" 723 409 511 553 436 508 653 535 796 839
"g3477" 47 35 124 26 83 71 77 16 51 17
"g3478" 20 4 11 5 43 25 57 25 20 15
"g3479" 0 0 0 0 1 3 3 1 10 0
"g3480" 353 291 419 445 82 275 443 199 473 290
"g3481" 7 0 12 2 3 6 15 3 7 13
"g3482" 463 711 374 1326 683 480 408 294 925 556
"g3483" 255 403 521 268 942 338 396 207 397 61
"g3484" 0 42 35 12 24 19 19 69 45 11
"g3485" 58 28 36 44 31 36 62 26 62 33
"g3486" 390 319 233 298 266 312 540 302 441 392
"g3487" 24 89 16 84 97 239 145 24 47 44
"g3488" 301 82 187 107 183 74 187 193 277 159
"g3489" 8616 4162 6611 8780 7763 6273 9048 4741 6018 8033
"g3490" 276 157 217 155 220 167 297 251 373 292
"g3491" 2958 6204 5948 4097 4004 4216 9437 4122 9194 3096
"g3492" 1268 1197 954 1026 1090 1169 2459 1388 1489 1433
"g3493" 60 19 19 20 9 32 19 42 23 33
"g3494" 7 20 1 1 8 0 21 8 4 18
"g3495" 2055 1467 1800 1832 2174 1700 2753 1593 2919 1803
"g3496" 18 33 59 21 6 55 54 20 116 50
"g3497" 19 1 5 12 0 1 11 1 0 38
"g3498" 2 8 0 3 1 6 4 2 0 1
"g3499" 396 220 375 374 232 310 467 191 449 325
"g3500" 1811 1410 1678 1537 1255 1478 2076 1049 2144 1600
"g3501" 1727 1072 477 288 1674 531 515 155 511 391
"g3502" 1536 1096 728 1335 1105 1220 1428 968 1811 2020
"g3503" 565 445 1315 1143 1101 1065 1049 882 1547 1940
"g3504" 14 3 4 2 18 17 18 5 4 29
"g3505" 0 1 1 4 0 4 1 1 3 13
"g3506" 3053 1315 1880 1868 1761 1242 2557 1367 2520 2816
"g3507" 55 16 17 31 16 9 3 33 112 84
"g3508" 527 315 413 381 413 516 693 493 638 554
"g3509" 59 52 57 97 68 76 77 38 58 54
"g3510" 190 115 185 165 209 258 114 125 180 187
"g3511" 929 588 834 481 809 822 1098 1021 1341 1316
"g3512" 196 192 133 143 158 77 198 114 295 163
"g3513" 270 180 110 73 162 42 117 115 185 242
"g3514" 23998 3810 4679 5226 5072 14497 30455 12294 4903 23332
"g3515" 825 982 974 797 704 1044 1870 1063 1404 909
"g3516" 1075 734 429 1301 1016 551 471 515 638 1030
"g3517" 1395 1158 851 968 1091 897 1161 1362 1292 1565
"g3518" 3 2 1 1 3 3 3 3 1 1
"g3519" 791 664 979 794 981 572 772 775 796 926
"g3520" 808 776 624 950 834 784 736 781 1294 824
"g3521" 8908 6084 3816 5172 6611 6669 10358 5341 6991 7496
"g3522" 129 175 371 192 326 310 312 174 404 263
"g3523" 0 2 3 0 9 3 1 9 5 12
"g3524" 325 279 294 353 407 292 659 353 750 377
"g3525" 635 443 243 1189 159 90 492 971 400 335
"g3526" 1795 2247 976 1382 1684 1205 898 1343 1585 1728
"g3527" 10 33 18 30 40 23 29 27 26 26
"g3528" 8 6 8 5 5 3 8 9 11 6
"g3529" 7 0 1 2 1 21 0 0 6 0
"g3530" 204 40 38 32 37 68 96 18 59 16
"g3531" 24 64 71 23 6 15 35 10 6 5
"g3532" 37 22 42 13 18 9 38 10 40 25
"g3533" 421 449 148 31 88 87 240 585 286 135
"g3534" 167 125 137 165 216 159 304 349 319 221
"g3535" 404 172 221 169 208 173 396 195 361 119
"g3536" 1193 297 612 549 620 530 387 1289 532 339
"g3537" 501 273 334 524 523 450 503 441 620 389
"g3538" 816 776 550 597 631 568 1282 593 996 449
"g3539" 23 2 7 14 29 94 32 3 21 1
"g3540" 579 827 910 920 1032 932 938 184 638 682
"g3541" 278 290 245 79 181 122 307 134 361 222
"g3542" 25 55 7 20 17 7 23 51 25 22
"g3543" 122 127 175 359 259 525 483 289 379 328
"g3544" 7 9 3 10 2 2 15 1 8 6
"g3545" 486 505 606 538 355 289 942 338 998 552
"g3546" 17 8 6 5 6 7 11 5 2 20
"g3547" 619 402 823 723 591 637 989 417 719 440
"g3548" 236 82 217 155 70 213 360 88 234 196
"g3549" 3 6 15 3 9 4 10 8 6 8
"g3550" 14 0 0 0 0 0 13 25 0 3
"g3551" 8026 6466 5436 6190 6848 8401 9254 5071 6117 4922
"g3552" 51 38 33 35 25 38 43 40 49 39
"g3553" 850 915 416 1093 557 428 2638 747 2409 1277
"g3554" 18 48 22 9 5 6 62 9 15 17
"g3555" 306 389 343 239 193 296 725 241 326 242
"g3556" 1185 507 663 774 437 841 1235 784 1054 755
"g3557" 316 174 152 175 136 299 70 114 188 489
"g3558" 0 0 2 0 1 0 0 0 0 18
"g3559" 30 28 48 12 35 29 38 18 56 14
"g3560" 199 141 66 83 111 123 110 210 256 213
"g3561" 1175 829 1084 1080 1338 708 2053 828 827 1203
"g3562" 0 5 2 16 0 5 0 1 0 2
"g3563" 22 6 10 16 10 0 42 18 10 10
"g3564" 1535 1023 883 849 1008 1249 1476 1103 1603 995
"g3565" 350 222 267 133 179 325 234 329 240 486
"g3566" 112 51 94 27 60 45 123 78 198 63
"g3567" 127 143 139 112 175 115 108 103 98 118
"g3568" 0 0 2 0 6 0 34 1 0 0
"g3569" 5 6 8 9 6 8 11 3 11 6
"g3570" 32 66 73 22 78 158 238 85 168 101
"g3571" 73 43 38 83 75 35 107 85 97 30
"g3572" 8 1 7 4 0 8 0 0 0 1
"g3573" 131 16 82 38 61 74 94 19 166 24
"g3574" 12 0 1 9 2 1 17 1 3 22
"g3575" 45 74 24 32 27 31 75 33 41 59
"g3576" 18 1 0 0 5 1 2 4 0 7
"g3577" 881 334 582 421 677 379 983 390 988 806
"g3578" 80 338 409 573 176 123 609 104 584 145
"g3579" 4 2 1 5 0 2 5 1 5 3
"g3580" 6756 9731 9831 8428 9477 8078 8163 9343 12560 7163
"g3581" 45 45 21 24 32 41 32 14 21 19
"g3582" 13 2 8 3 5 2 8 5 9 3
"g3583" 56 118 96 31 53 80 159 57 95 60
"g3584" 17 2 5 5 15 6 8 2 11 3
"g3585" 2848 931 1048 999 870 1444 2202 1218 1931 1364
"g3586" 18 15 9 6 35 32 15 17 22 13
"g3587" 20 7 21 20 3 12 25 11 11 14
"g3588" 26 38 34 55 11 23 60 25 17 35
"g3589" 54 69 40 40 33 41 77 49 54 44
"g3590" 181 154 220 252 333 162 282 171 152 233
"g3591" 43 9 15 27 12 12 20 12 11 16
"g3592" 25 83 74 78 80 53 64 39 69 32
"g3593" 0 8 0 1 17 2 0 5 0 0
"g3594" 96 82 53 74 40 78 91 92 57 70
"g3595" 2503 1850 1749 3353 1544 2036 4527 1958 3616 2501
"g3596" 105 3 0 1 9 153 92 59 83 0
"g3597" 9 54 46 22 59 17 41 52 33 9
"g3598" 1571 759 1871 430 1136 950 1692 949 2913 1147
"g3599" 10 1 5 7 10 7 2 4 5 13
"g3600" 7 17 2 10 5 2 1 12 0 2
"g3601" 32 14 15 23 16 34 48 63 49 42
"g3602" 132 122 49 103 81 83 227 109 195 87
"g3603" 705 447 568 752 573 670 979 677 857 658
"g3604" 30 52 58 45 28 60 59 23 48 27
"g3605" 2799 2181 4041 2298 2848 2158 3424 2954 3590 2718
"g3606" 1154 978 856 970 1140 945 1484 1110 1504 1091
"g3607" 25 21 46 31 13 5 43 19 19 42
"g3608" 955 1117 1524 1300 998 1298 1197 1332 1223 1698
"g3609" 3929 3986 3157 2748 2506 2724 3411 2881 2639 2772
"g3610" 3917 3746 3170 3125 4535 3393 4847 3637 3743 3104
"g3611" 262 164 110 208 196 185 254 155 397 184
"g3612" 61 37 38 18 2 13 21 10 40 81
"g3613" 3 12 1 0 17 3 18 0 5 3
"g3614" 1772 1021 1801 1841 1089 1192 3204 1081 2422 1974
"g3615" 187 129 72 78 45 190 126 139 193 18
"g3616" 6 6 0 0 1 1 2 7 5 4
"g3617" 39 41 25 31 7 44 78 30 40 49
"g3618" 105 38 42 30 57 34 63 51 68 34
"g3619" 4793 4733 5814 4317 3761 3791 6380 5053 7442 5062
"g3620" 616 506 542 694 588 406 899 475 615 666
"g3621" 43 62 20 62 48 69 117 42 46 103
"g3622" 478 269 269 243 359 175 410 246 326 548
"g3623" 10 10 7 10 4 7 12 13 4 6
"g3624" 139 144 167 79 32 7 237 158 47 205
"g3625" 1229 617 581 707 898 920 795 738 556 991
"g3626" 40 33 13 25 16 18 55 40 62 40
"g3627" 3966 3145 3558 3072 3327 3806 4800 3624 5896 3266
"g3628" 84 144 148 84 216 323 223 102 290 240
"g3629" 9 0 7 2 5 0 0 0 31 11
"g3630" 51 4 0 0 6 4 3 3 0 3
"g3631" 802 503 467 658 555 453 833 625 1049 808
"g3632" 5 0 4 0 7 2 1 1 3 4
"g3633" 395 95 214 366 279 173 558 156 275 194
"g3634" 4 4 5 7 5 7 12 8 2 6
"g3635" 9 3 1 0 0 0 0 0 1 13
"g3636" 269 189 99 279 255 257 363 358 432 128
"g3637" 58 37 43 6 22 54 38 37 47 12
"g3638" 332 168 681 466 553 585 497 495 536 535
"g3639" 2 4 5 1 1 2 4 3 2 2
"g3640" 458 706 594 282 479 607 420 259 596 437
"g3641" 2 0 2 0 0 0 0 0 0 9
"g3642" 1 0 8 0 16 0 4 2 15 0
"g3643" 561 472 874 444 434 578 1023 721 1380 741
"g3644" 191 81 99 135 244 168 241 209 249 148
"g3645" 527 109 388 159 276 327 728 119 278 265
"g3646" 151 419 50 274 105 518 180 345 429 322
"g3647" 78 42 133 84 113 66 144 57 104 124
"g3648" 3751 3420 3565 1455 2138 4530 7035 6805 3111 2064
"g3649" 551 479 540 562 709 442 665 544 615 732
"g3650" 272 120 161 218 69 79 202 16 85 169
"g3651" 38 20 38 18 27 25 46 97 45 11
"g3652" 1433 940 1248 1395 1442 1165 2499 1128 1858 684
"g3653" 0 3 0 0 16 2 2 3 5 0
"g3654" 559 164 194 345 413 216 428 477 410 466
"g3655" 47440 19023 15503 12242 21805 9060 58062 44061 37213 31138
"g3656" 176 180 149 207 220 159 223 209 179 271
"g3657" 8 17 9 27 36 4 1 1 6 5
"g3658" 1966 1715 1249 2951 1927 2732 1994 1018 2711 1198
"g3659" 551 144 318 334 212 185 648 224 311 526
"g3660" 36 22 20 28 69 32 54 34 18 22
"g3661" 11 5 8 9 3 6 16 12 1 16
"g3662" 1127 710 957 870 824 935 1228 870 554 1433
"g3663" 41 686 458 950 369 42 982 423 117 776
"g3664" 20 13 39 60 14 13 8 18 95 31
"g3665" 0 0 2 0 2 12 4 1 10 0
"g3666" 317 22 32 105 30 255 282 296 363 175
"g3667" 3 0 3 0 0 0 13 2 0 0
"g3668" 0 0 0 21 2 11 10 0 26 2
"g3669" 140 158 201 152 185 308 285 231 217 197
"g3670" 2336 2149 2628 3214 3030 2542 4391 4799 5151 3430
"g3671" 1063 892 856 837 581 1021 662 719 847 846
"g3672" 1070 463 1007 591 815 948 3122 438 1436 810
"g3673" 3637 2415 2812 2340 4208 2744 2872 2534 3075 3191
"g3674" 6 1 0 0 0 0 24 10 1 4
"g3675" 32 27 52 50 48 65 39 67 77 62
"g3676" 38 23 12 26 23 31 38 23 28 39
"g3677" 1064 1095 1173 993 574 383 1344 1543 710 741
"g3678" 608 750 781 721 508 568 601 741 853 799
"g3679" 0 4 1 0 6 0 0 0 0 0
"g3680" 0 0 21 12 0 0 0 0 0 0
"g3681" 261 318 438 247 216 270 860 208 509 399
"g3682" 8 8 0 6 0 0 3 0 11 20
"g3683" 829 448 502 575 843 643 672 426 708 659
"g3684" 71 74 84 60 44 36 52 149 159 80
"g3685" 4150 2398 2705 2937 1671 3284 3791 2963 3195 1941
"g3686" 992 830 699 724 1070 1087 1408 661 1366 1081
"g3687" 366 317 371 264 356 255 422 212 152 371
"g3688" 1903 1730 1164 1609 1604 1675 1965 1438 2863 2113
"g3689" 672 753 866 760 401 536 1377 525 950 649
"g3690" 820 284 512 505 377 363 649 551 527 440
"g3691" 53 32 46 49 50 30 34 51 47 68
"g3692" 134 106 96 109 155 291 147 56 507 196
"g3693" 27 359 64 201 68 282 318 315 490 100
"g3694" 253 218 109 148 126 150 398 180 286 167
"g3695" 64 29 53 60 31 52 97 41 26 47
"g3696" 163 137 158 171 181 154 343 106 169 263
"g3697" 101 88 115 157 101 63 241 69 185 52
"g3698" 0 0 1 0 1 1 0 0 1 1
"g3699" 22 73 37 35 52 38 144 25 57 61
"g3700" 3920 3282 4862 7146 4658 3840 6780 2431 4830 6700
"g3701" 1645 1111 1621 1196 1538 1068 2057 1535 2157 1528
"g3702" 2286 1946 1922 1423 1251 1803 2299 1278 2983 2273
"g3703" 133 56 25 65 93 84 168 112 110 80
"g3704" 741 596 413 533 800 1011 591 693 728 757
"g3705" 474 348 317 333 395 375 495 258 423 416
"g3706" 15 18 8 4 0 25 11 8 23 18
"g3707" 86 54 25 56 36 31 68 61 95 65
"g3708" 152 200 142 250 275 214 269 181 236 197
"g3709" 102 131 80 72 66 54 109 92 121 87
"g3710" 1306 1665 3358 3685 3542 1226 3092 5201 5584 4973
"g3711" 2 2 0 2 1 3 2 1 2 2
"g3712" 20 33 23 35 27 30 24 19 38 14
"g3713" 9 3 3 4 0 9 10 10 5 2
"g3714" 1811 1348 1161 1543 1460 1630 2781 1185 2527 1849
"g3715" 46 44 55 160 36 47 14 12 30 103
"g3716" 28 36 10 17 5 32 35 5 24 28
"g3717" 2 7 1 3 2 1 8 7 1 2
"g3718" 459 366 338 315 380 407 650 403 456 265
"g3719" 627 621 730 656 621 419 346 975 677 640
"g3720" 2790 1896 2037 1441 1344 2282 3661 1629 3262 2613
"g3721" 568 458 454 433 526 274 758 442 926 516
"g3722" 15 6 10 7 2 3 11 4 10 4
"g3723" 5 21 13 40 23 24 34 33 11 21
"g3724" 0 1 0 3 0 3 2 4 7 0
"g3725" 462 369 404 296 415 278 588 395 531 399
"g3726" 2 18 18 2 9 1 88 18 7 8
"g3727" 331 153 244 353 250 267 421 294 288 153
"g3728" 196 456 398 721 2701 71 1203 1155 2613 167
"g3729" 22 12 9 11 7 24 45 17 11 3
"g3730" 24 67 4 8 9 26 44 15 63 69
"g3731" 444 276 430 276 937 458 806 902 699 500
"g3732" 24 9 12 14 32 26 18 18 16 25
"g3733" 179 102 113 90 103 80 176 148 229 137
"g3734" 101 101 93 40 110 24 77 67 80 108
"g3735" 52 37 31 92 32 35 77 44 77 31
"g3736" 1092 186 526 439 417 690 717 622 1092 557
"g3737" 2415 2163 1683 2271 3460 2301 1743 1328 3026 2731
"g3738" 195 122 139 144 285 73 280 91 104 131
"g3739" 2746 683 1534 125 340 438 445 59 1500 834
"g3740" 2 2 2 2 3 1 2 2 6 8
"g3741" 19 7 17 1 24 0 72 0 2 0
"g3742" 341 235 316 279 630 252 523 526 356 728
"g3743" 66 26 31 57 32 52 46 101 49 59
"g3744" 0 3 10 0 1 9 0 0 10 4
"g3745" 178 52 167 111 79 131 229 140 377 167
"g3746" 144 141 150 156 176 128 203 89 199 123
"g3747" 31 37 7 15 15 39 18 3 36 38
"g3748" 297 62 242 96 156 473 310 536 657 285
"g3749" 9 0 2 3 0 0 4 4 2 14
"g3750" 3 9 5 6 5 13 14 12 18 10
"g3751" 1828 1162 1167 1431 1343 1410 1899 1048 1467 1478
"g3752" 4 7 9 2 1 11 16 3 7 16
"g3753" 177 115 162 82 129 173 348 191 494 190
"g3754" 698 595 554 376 443 362 784 645 565 390
"g3755" 1144 957 903 1154 701 943 1766 1350 1865 1445
"g3756" 150 195 165 197 158 215 116 47 139 71
"g3757" 184 181 277 176 338 391 535 214 428 231
"g3758" 3547 2030 2563 2467 1924 2137 1857 1756 3320 3915
"g3759" 1741 889 1669 847 665 1019 909 215 2064 1974
"g3760" 116 135 159 362 215 310 258 153 230 220
"g3761" 34 14 31 31 29 36 62 17 75 31
"g3762" 1102 731 544 971 896 756 1105 922 991 1127
"g3763" 557 648 574 798 860 715 1200 722 1007 490
"g3764" 217 278 227 194 323 136 116 138 452 368
"g3765" 1810 883 1159 1376 1652 1769 2137 1313 1366 880
"g3766" 532 379 344 405 643 308 654 320 573 397
"g3767" 283 92 11 87 75 82 375 282 129 125
"g3768" 721 357 215 1612 512 266 1369 492 2387 593
"g3769" 886 719 595 963 968 665 3941 1237 801 1761
"g3770" 5136 2932 2757 2606 3643 2510 5006 3128 6798 5217
"g3771" 2070 440 357 1460 1115 624 2378 1052 1917 1725
"g3772" 9845 9982 9553 7153 10229 12359 14309 11153 15082 13740
"g3773" 709 207 528 546 1020 659 598 777 620 767
"g3774" 33 73 36 155 10 7 40 58 44 11
"g3775" 40 28 28 28 34 31 29 32 56 18
"g3776" 25 14 8 37 20 15 70 28 23 6
"g3777" 9 2 2 1 3 3 2 2 1 3
"g3778" 1269 995 1259 1408 778 1437 3137 836 1098 1899
"g3779" 315 278 347 406 358 241 502 172 882 216
"g3780" 27 33 23 42 28 51 28 54 61 30
"g3781" 4325 3335 2686 2678 2531 2643 4455 3088 4174 4037
"g3782" 10 3 1 6 6 0 0 0 6 0
"g3783" 945 843 917 388 999 446 877 580 831 673
"g3784" 153 149 13 91 110 160 34 62 92 130
"g3785" 100 48 154 53 109 134 126 86 62 94
"g3786" 8 13 23 11 58 6 27 7 46 18
"g3787" 7 4 4 3 9 1 3 0 0 16
"g3788" 2332 1462 1440 1041 1583 795 2041 1587 2503 1994
"g3789" 126 75 52 82 165 50 135 95 90 107
"g3790" 2 0 0 3 2 0 0 2 1 0
"g3791" 4 0 5 9 1 10 7 1 3 1
"g3792" 421 275 220 332 339 409 424 243 363 305
"g3793" 374 231 287 109 453 269 429 321 259 175
"g3794" 922 648 937 871 842 863 1523 801 1234 698
"g3795" 985 1190 687 803 2268 1893 3259 623 2061 989
"g3796" 8 9 8 0 16 5 12 11 21 9
"g3797" 48 65 26 41 32 61 69 40 53 31
"g3798" 0 1 0 0 0 17 6 16 9 3
"g3799" 5311 2488 1849 3254 3622 4448 9027 2570 5649 3520
"g3800" 1238 982 676 1940 748 833 1220 1126 1036 1571
"g3801" 2 15 3 0 2 5 4 5 4 7
"g3802" 122 68 47 76 33 66 102 83 81 53
"g3803" 139 87 44 46 99 56 45 37 63 52
"g3804" 144 133 80 91 172 75 250 187 162 88
"g3805" 36 12 41 40 21 47 20 64 27 9
"g3806" 5 7 7 7 9 3 7 5 7 8
"g3807" 1013 698 871 1250 591 374 707 1104 1040 620
"g3808" 22 34 26 12 19 38 6 19 21 20
"g3809" 45 99 148 115 50 72 262 83 64 67
"g3810" 1 1 1 4 3 1 15 2 1 0
"g3811" 26 8 11 12 13 6 21 10 9 12
"g3812" 351 303 244 319 324 269 447 266 429 440
"g3813" 5 0 4 1 10 0 1 0 1 3
"g3814" 499 277 269 465 605 437 641 490 553 690
"g3815" 8 10 17 1 5 15 10 19 4 15
"g3816" 295 186 217 236 202 191 553 274 324 386
"g3817" 13 2 42 24 68 20 87 3 10 11
"g3818" 2506 877 827 1243 2692 1655 1889 1821 2860 1913
"g3819" 14 46 45 7 70 24 25 36 30 39
"g3820" 686 513 942 551 493 795 568 389 1357 472
"g3821" 11 7 15 11 3 19 38 21 21 21
"g3822" 15 12 4 5 2 1 9 8 18 2
"g3823" 20 12 7 15 14 9 38 10 23 19
"g3824" 35 40 57 58 69 19 36 40 81 88
"g3825" 2 42 10 6 0 80 96 239 2 2
"g3826" 4 4 8 3 14 2 15 10 3 5
"g3827" 70 71 64 50 94 52 113 60 119 76
"g3828" 317 274 229 228 278 198 237 222 335 231
"g3829" 561 266 110 316 189 147 389 204 470 171
"g3830" 9 14 5 21 6 8 28 9 19 18
"g3831" 5 6 4 5 5 5 31 8 5 13
"g3832" 135 44 118 40 118 68 84 56 148 274
"g3833" 1723 1001 1039 1562 1131 1824 2141 1069 1218 1562
"g3834" 155 124 84 161 124 155 190 71 205 161
"g3835" 564 599 602 362 661 365 400 548 417 695
"g3836" 13 4 5 2 14 4 10 3 9 4
"g3837" 1305 515 733 713 578 720 2382 1352 1747 1547
"g3838" 88 0 3 2 3 4 128 0 0 0
"g3839" 23 16 20 16 14 19 9 44 39 29
"g3840" 176 329 306 256 512 554 344 263 255 388
"g3841" 104 152 135 124 109 107 168 110 140 63
"g3842" 12304 7181 10155 8228 12392 9077 15064 7547 21091 11774
"g3843" 34 32 86 77 42 68 29 51 208 132
"g3844" 3 16 10 8 0 16 14 0 6 5
"g3845" 12 6 5 9 6 2 6 6 8 7
"g3846" 3 5 0 6 0 2 11 4 1 4
"g3847" 1238 1231 673 1897 1664 806 4177 1917 2820 2761
"g3848" 1182 340 442 747 1114 292 1246 945 901 419
"g3849" 355 187 222 84 249 167 150 187 242 200
"g3850" 40 7 0 5 12 18 31 7 22 100
"g3851" 376 123 114 160 95 210 663 47 352 266
"g3852" 253 231 296 214 237 171 299 169 433 368
"g3853" 6 3 7 5 5 5 7 0 3 1
"g3854" 978 39 1049 225 867 502 459 263 193 601
"g3855" 267 102 238 134 90 177 150 165 314 220
"g3856" 13 14 5 9 6 4 22 7 36 33
"g3857" 3 1 1 4 13 3 6 3 5 4
"g3858" 1581 1365 1242 976 1051 1780 1893 1949 997 1448
"g3859" 41 75 29 40 14 17 55 7 18 4
"g3860" 241 42 131 48 23 50 179 2 107 2
"g3861" 399 235 201 199 121 259 485 288 291 204
"g3862" 0 0 0 6 2 1 1 0 0 3
"g3863" 24 11 24 39 35 14 28 33 39 27
"g3864" 882 243 677 711 1177 314 1261 173 1202 1160
"g3865" 457 477 621 521 466 500 709 484 478 338
"g3866" 465 43 83 59 156 158 167 92 112 336
"g3867" 1549 852 804 602 609 774 819 654 759 865
"g3868" 670 536 551 714 632 628 758 743 897 758
"g3869" 82 47 62 42 104 48 118 79 128 77
"g3870" 1035 1505 1701 3630 1449 3566 2614 2483 917 3797
"g3871" 133 14 112 81 65 44 82 56 69 78
"g3872" 8734 6876 4047 5504 4286 10336 6886 4882 7744 7434
"g3873" 2256 1429 1560 1102 1979 2679 2917 1501 3533 3495
"g3874" 10 1 5 7 6 4 7 4 8 3
"g3875" 40 59 31 122 141 78 171 97 146 82
"g3876" 296 150 234 185 221 323 348 211 175 284
"g3877" 50 43 53 68 93 23 67 20 71 22
"g3878" 1141 1188 685 434 1498 1185 1202 966 1117 1037
"g3879" 4 5 1 3 6 6 4 5 4 13
"g3880" 24 11 22 12 6 26 29 14 14 10
"g3881" 330 481 478 624 653 557 1025 799 574 669
"g3882" 7 10 7 4 7 9 7 1 2 6
"g3883" 9 1 14 3 5 1 0 0 47 0
"g3884" 765 539 826 758 412 638 928 714 666 529
"g3885" 841 807 279 341 670 844 873 380 587 1399
"g3886" 793 472 987 527 331 233 677 262 1650 758
"g3887" 15 68 41 62 19 152 54 30 35 138
"g3888" 5 0 12 3 3 4 2 4 30 2
"g3889" 12 7 3 10 5 8 9 4 15 13
"g3890" 283 203 87 246 219 46 212 216 138 174
"g3891" 2482 2283 1497 1449 1700 2146 3126 1902 2416 3042
"g3892" 1032 568 494 915 881 551 1333 604 744 770
"g3893" 100 44 40 50 68 63 58 26 59 22
"g3894" 365 263 511 626 229 505 753 412 590 778
"g3895" 224 166 215 271 348 320 436 208 247 234
"g3896" 8 15 97 30 54 6 18 25 17 36
"g3897" 3745 2374 3430 1330 1501 1409 3276 2949 2740 1991
"g3898" 361 320 72 271 388 156 440 123 313 239
"g3899" 64 32 39 24 33 73 257 109 44 57
"g3900" 821 500 448 777 227 560 1333 653 897 1798
"g3901" 1891 1328 1154 1151 2385 1854 2389 1453 2790 2213
"g3902" 376 471 546 377 448 472 828 556 583 614
"g3903" 75 272 85 146 69 269 472 314 426 86
"g3904" 3112 1911 2231 2653 2224 2064 2721 2644 3808 3552
"g3905" 11 8 24 28 2 4 30 4 8 15
"g3906" 317 401 364 188 383 184 316 317 418 312
"g3907" 299 159 162 328 66 307 468 231 229 376
"g3908" 7 6 8 8 2 9 9 8 6 6
"g3909" 573 620 548 720 630 689 947 644 942 596
"g3910" 3460 2835 3728 3303 3092 3224 5220 3008 4025 4110
"g3911" 2 7 0 0 0 8 0 0 0 0
"g3912" 628 722 656 282 701 599 897 1051 600 823
"g3913" 9 0 2 5 5 2 1 8 5 6
"g3914" 47 163 76 20 148 137 34 28 49 76
"g3915" 3799 2499 2457 3110 3379 2791 3000 1369 4821 2019
"g3916" 205 88 102 36 22 127 109 118 132 51
"g3917" 1178 869 648 715 866 777 556 635 1190 1023
"g3918" 809 402 610 872 673 444 1402 308 860 577
"g3919" 1502 1653 994 1013 1671 1398 1357 1236 1459 1040
"g3920" 27 16 43 26 42 48 20 21 24 35
"g3921" 17 7 3 3 8 6 13 5 3 5
"g3922" 3 5 3 0 0 2 3 0 4 5
"g3923" 61 54 37 66 57 57 158 51 68 53
"g3924" 108 64 167 125 118 123 203 147 186 88
"g3925" 98 68 16 197 145 17 28 153 10 30
"g3926" 3 5 5 2 5 6 4 4 6 8
"g3927" 182 130 149 208 110 354 206 185 186 127
"g3928" 2 4 5 0 6 4 5 2 4 2
"g3929" 1604 3438 3698 2630 1845 3897 1160 1042 5001 2718
"g3930" 30 0 3 0 33 0 14 9 0 1
"g3931" 11 1 4 8 11 9 34 13 8 9
"g3932" 0 8 3 3 7 0 2 0 0 5
"g3933" 22 13 5 5 12 16 20 14 11 10
"g3934" 9 17 32 32 4 49 27 9 8 11
"g3935" 1 0 0 0 0 0 0 0 5 0
"g3936" 3989 276 1285 896 1354 590 521 1505 653 323
"g3937" 888 946 566 803 174 196 897 601 250 423
"g3938" 152 39 95 289 295 213 174 16 142 191
"g3939" 2 24 6 9 46 3 7 6 50 1
"g3940" 5 2 5 2 1 1 4 2 6 5
"g3941" 1150 1651 1898 2860 2191 1800 7841 3349 2468 1978
"g3942" 354 396 252 290 182 318 453 410 447 312
"g3943" 17 10 19 16 20 23 20 10 11 17
"g3944" 255 340 1082 1060 736 996 3274 1177 639 572
"g3945" 2239 4759 3669 486 5570 979 2805 122 93 455
"g3946" 318 124 193 73 314 282 87 126 308 256
"g3947" 927 864 600 604 509 469 1276 526 475 594
"g3948" 49 24 40 49 30 44 27 93 76 62
"g3949" 11 1 2 0 0 2 0 0 2 3
"g3950" 124 92 121 133 108 85 112 151 164 152
"g3951" 5 3 7 1 0 8 4 1 4 3
"g3952" 7 8 2 1 18 11 8 10 23 1
"g3953" 1148 704 975 1117 1169 1029 1608 608 760 1219
"g3954" 12 31 67 8 8 56 44 4 44 65
"g3955" 104 91 108 38 60 55 93 69 161 70
"g3956" 2 0 0 2 10 1 1 5 0 9
"g3957" 24 16 8 12 6 13 21 9 15 16
"g3958" 18712 10373 8229 17591 12737 14127 16158 7791 14980 15624
"g3959" 7 4 10 14 1 4 13 4 2 1
"g3960" 38 41 3 23 16 12 4 13 39 20
"g3961" 127 75 67 135 88 89 164 106 113 112
"g3962" 197 135 182 78 121 121 101 160 175 133
"g3963" 1717 1624 970 1161 887 1434 1467 1425 2246 1067
"g3964" 210 54 13 94 211 137 24 100 338 79
"g3965" 2234 2307 1528 1639 1260 1375 1719 1395 2346 2042
"g3966" 36 48 18 92 83 57 94 267 194 382
"g3967" 53 85 51 40 85 31 130 64 102 176
"g3968" 583 638 451 370 517 304 794 336 421 476
"g3969" 43 0 6 0 12 0 29 3 35 35
"g3970" 5 1 0 5 3 2 1 3 12 8
"g3971" 2013 1596 446 901 504 466 1440 833 1010 350
"g3972" 0 33 1 0 2 0 19 556 0 80
"g3973" 1403 702 1679 1668 1379 1612 2140 1454 1994 935
"g3974" 100 112 68 57 117 59 70 71 80 170
"g3975" 47 17 52 59 43 49 62 55 40 41
"g3976" 950 467 439 538 500 546 1003 435 695 796
"g3977" 436 198 117 201 182 198 346 183 223 126
"g3978" 26 33 7 34 28 27 39 8 40 42
"g3979" 2601 2155 1556 1188 1727 1087 2730 1747 2244 1421
"g3980" 0 5 2 3 2 2 1 4 28 1
"g3981" 518 519 329 382 611 380 605 389 560 507
"g3982" 19 48 11 2 0 8 22 3 19 63
"g3983" 37 26 54 76 65 80 90 21 134 140
"g3984" 688 237 581 999 654 433 1115 381 441 631
"g3985" 364 322 515 257 238 236 411 316 352 496
"g3986" 1628 762 777 1055 809 1215 1813 847 2480 1355
"g3987" 981 767 727 609 641 930 1415 587 972 918
"g3988" 14037 4688 1804 3443 5626 7887 10582 4977 8788 6039
"g3989" 1695 1230 431 1423 452 357 1716 1324 1567 430
"g3990" 853 472 1112 573 653 428 1363 710 921 585
"g3991" 34 106 65 38 18 16 269 11 130 151
"g3992" 4 6 29 60 5 3 70 4 3 3
"g3993" 220 172 138 124 128 85 194 162 250 111
"g3994" 366 160 154 353 227 166 278 210 374 309
"g3995" 0 4 0 3 0 0 1 2 2 3
"g3996" 141 20 39 7 4 25 17 22 84 33
"g3997" 501 492 394 529 445 422 761 621 628 710
"g3998" 52 27 34 25 49 52 47 38 66 27
"g3999" 407 1096 545 438 244 1088 860 452 434 833
"g4000" 3 1 2 2 1 1 1 0 0 3
"g4001" 26 29 22 32 43 36 50 22 55 22
"g4002" 0 1 3 0 4 1 3 3 2 4
"g4003" 72 58 202 105 193 84 109 71 100 73
"g4004" 478 632 1168 522 679 582 1047 779 669 542
"g4005" 406 68 120 22 196 97 122 51 123 199
"g4006" 94 140 143 189 218 271 145 271 162 251
"g4007" 46 63 87 48 23 218 63 172 96 85
"g4008" 616 538 410 361 805 639 895 1337 718 913
"g4009" 1037 288 262 518 643 257 844 870 579 578
"g4010" 2 1 2 1 1 2 3 3 6 1
"g4011" 0 1 1 10 24 4 20 7 59 88
"g4012" 96 160 114 77 276 253 356 179 176 78
"g4013" 8 15 19 2 14 2 31 17 4 13
"g4014" 748 1048 397 682 1267 598 729 506 840 467
"g4015" 3 2 1 0 12 4 3 18 4 0
"g4016" 21 0 0 0 0 0 62 0 0 3
"g4017" 456 573 306 348 548 213 494 451 385 374
"g4018" 2863 1812 1724 1603 1670 2099 2565 1920 3477 1737
"g4019" 4701 3492 2290 3252 3925 2444 4836 2601 2582 3645
"g4020" 1193 1023 844 952 964 984 1009 1040 1269 950
"g4021" 29 9 14 16 11 21 70 20 14 30
"g4022" 917 1009 836 855 824 911 1487 805 1404 913
"g4023" 438 390 428 243 435 215 402 421 555 379
"g4024" 927 758 766 1008 765 1119 596 514 1215 697
"g4025" 22 5 12 9 5 2 4 7 9 32
"g4026" 2679 1096 2178 1826 2244 1891 2485 1465 1697 2413
"g4027" 976 407 481 361 657 600 559 369 628 644
"g4028" 255 630 392 329 691 279 160 339 343 395
"g4029" 82 27 64 131 43 35 113 126 80 93
"g4030" 4 0 4 1 12 14 6 3 13 12
"g4031" 128 134 451 170 687 630 3459 1297 3230 591
"g4032" 1071 541 990 1187 858 987 952 888 1286 881
"g4033" 88 60 74 70 93 73 109 98 165 91
"g4034" 588 545 685 460 660 803 1132 271 957 783
"g4035" 205 170 206 154 193 216 320 157 290 243
"g4036" 406 413 399 406 393 354 731 415 510 267
"g4037" 86 88 84 73 95 89 121 70 257 83
"g4038" 2037 1374 878 1166 864 1506 1233 878 1921 1319
"g4039" 125 48 477 34 146 306 380 202 93 137
"g4040" 3004 2791 2208 1490 2102 2895 4163 1647 5374 3065
"g4041" 975 498 436 388 845 503 1182 601 450 510
"g4042" 1 1 0 13 17 7 3 20 14 18
"g4043" 687 648 335 536 735 445 700 438 729 751
"g4044" 643 223 363 592 127 140 193 247 560 137
"g4045" 5 4 1 5 1 2 0 3 3 1
"g4046" 1052 987 988 293 396 586 724 713 731 638
"g4047" 11919 9786 5372 9121 8292 6155 13887 11572 11410 9740
"g4048" 25 8 10 6 14 4 12 7 23 9
"g4049" 1 12 27 8 23 12 21 16 12 13
"g4050" 0 0 4 0 5 0 9 0 0 8
"g4051" 2 19 5 0 2 0 4 7 2 5
"g4052" 1243 815 252 920 814 1130 1272 715 1236 717
"g4053" 356 815 373 196 575 579 357 508 998 188
"g4054" 0 19 0 11 0 36 13 0 2 0
"g4055" 18 30 20 24 16 18 58 12 43 22
"g4056" 35 23 6 23 17 19 17 11 43 9
"g4057" 53 51 53 42 33 46 48 66 63 56
"g4058" 1031 645 688 821 975 673 1340 828 876 502
"g4059" 1527 914 1401 1169 1648 1533 2590 946 1199 1553
"g4060" 118 178 133 318 140 215 149 182 183 195
"g4061" 281 325 321 362 254 218 319 228 397 295
"g4062" 16746 11801 6340 9755 9735 12109 10301 3215 16703 2386
"g4063" 2029 1764 2298 2284 1787 3206 4147 2417 3605 5799
"g4064" 232 197 198 190 147 166 166 196 387 136
"g4065" 7 4 6 8 6 6 8 6 11 12
"g4066" 69 135 45 31 35 49 65 79 96 13
"g4067" 199 58 48 27 93 10 76 190 43 59
"g4068" 3372 3441 4350 4030 3680 3749 5994 5104 4801 4739
"g4069" 22 36 27 10 17 6 49 55 125 54
"g4070" 47 37 36 31 40 43 46 33 50 45
"g4071" 137 162 91 183 184 145 500 155 207 165
"g4072" 107 156 100 111 96 131 79 106 191 85
"g4073" 378 433 323 202 609 658 598 165 283 413
"g4074" 23 38 11 8 6 1 29 16 118 81
"g4075" 26 4 9 1 12 3 26 4 8 7
"g4076" 38 12 26 9 28 17 38 24 29 36
"g4077" 385 141 265 265 254 1470 128 624 393 642
"g4078" 18 31 11 23 9 15 59 14 26 28
"g4079" 91 72 122 96 83 112 116 121 103 147
"g4080" 37 60 10 3 3 16 64 77 49 10
"g4081" 160 72 203 158 141 140 285 209 116 95
"g4082" 1 1 2 3 2 3 4 2 0 2
"g4083" 5 1 5 2 9 3 6 2 6 2
"g4084" 262 129 175 230 104 99 184 122 216 152
"g4085" 680 977 936 917 862 778 1203 889 1340 1205
"g4086" 60 35 52 39 59 96 65 49 39 51
"g4087" 156 54 64 31 71 81 145 19 146 105
"g4088" 5852 4467 4015 7334 4085 3945 9180 7537 6884 4426
"g4089" 23 1 7 2 32 12 5 8 22 9
"g4090" 156 191 13 239 16 19 931 374 0 62
"g4091" 8 13 16 0 15 6 1 2 18 5
"g4092" 710 313 355 442 513 361 1027 455 640 224
"g4093" 19 16 33 53 31 53 50 60 21 30
"g4094" 170 83 74 48 130 74 107 81 160 88
"g4095" 0 3 2 1 3 2 4 3 0 4
"g4096" 0 0 0 4 10 7 0 9 0 0
"g4097" 0 2 1 0 1 2 3 1 2 3
"g4098" 285 180 138 134 280 172 191 97 327 132
"g4099" 2538 989 850 993 2877 869 374 1703 482 407
"g4100" 20 14 7 27 13 5 16 7 21 5
"g4101" 11 1 9 2 2 4 3 0 13 2
"g4102" 531 164 212 171 234 132 416 264 504 473
"g4103" 1355 728 574 1586 1268 1075 1305 1025 948 1461
"g4104" 415 146 126 265 180 124 229 109 195 224
"g4105" 2 21 20 31 48 37 6 20 113 6
"g4106" 291 66 162 167 127 138 240 165 339 161
"g4107" 1279 1098 574 496 897 618 868 540 762 852
"g4108" 17 26 30 72 30 69 40 33 62 143
"g4109" 109 198 85 100 33 71 105 101 33 315
"g4110" 102 32 230 131 118 48 107 12 129 28
"g4111" 128 126 104 83 182 98 148 106 231 208
"g4112" 180 268 126 138 193 257 140 141 129 233
"g4113" 621 436 387 584 581 944 547 503 1134 365
"g4114" 1026 1666 1406 1157 1466 943 2447 1620 1353 870
"g4115" 7 1 0 1 13 3 1 4 4 0
"g4116" 3 5 0 3 3 0 2 1 1 2
"g4117" 273 8 17 0 111 41 0 274 481 1158
"g4118" 30 24 30 14 19 20 65 15 26 33
"g4119" 8 3 5 1 7 1 0 9 0 4
"g4120" 919 226 1180 1330 1170 1574 135 592 1873 676
"g4121" 8 1 9 27 11 4 9 26 5 12
"g4122" 685 217 629 513 217 221 390 467 562 756
"g4123" 10 7 9 19 11 1 6 8 10 7
"g4124" 5 1 13 5 13 16 18 12 16 5
"g4125" 61 47 79 234 218 40 188 52 306 209
"g4126" 1 8 3 1 7 4 9 4 0 11
"g4127" 7 1 18 4 37 0 0 294 162 3
"g4128" 4 4 0 3 6 3 5 7 0 0
"g4129" 302 595 226 435 503 374 773 503 493 571
"g4130" 38 27 4 32 27 15 21 37 44 0
"g4131" 18 53 19 47 19 29 54 28 64 37
"g4132" 2235 1730 1462 1643 1595 2279 1771 1203 2764 1854
"g4133" 30 35 37 25 52 54 67 110 96 75
"g4134" 49 45 65 42 41 58 112 69 32 16
"g4135" 653 348 593 322 547 147 231 270 284 587
"g4136" 165 119 356 170 185 186 304 145 198 201
"g4137" 1521 682 1322 723 418 803 2220 713 651 1447
"g4138" 0 4 0 2 0 0 0 0 0 7
"g4139" 0 2 11 3 0 0 3 0 0 8
"g4140" 286 645 278 301 450 1027 486 637 502 825
"g4141" 321 237 79 322 548 91 225 194 61 29
"g4142" 16 29 29 35 2 12 32 33 6 10
"g4143" 41 28 19 33 32 21 14 24 57 8
"g4144" 17 18 71 18 42 55 18 35 114 54
"g4145" 446 318 437 457 372 704 818 676 310 854
"g4146" 107 111 107 219 202 185 180 183 312 202
"g4147" 571 479 464 564 529 692 628 474 572 497
"g4148" 3 2 5 2 5 3 7 1 4 0
"g4149" 317 235 265 208 576 187 601 304 315 702
"g4150" 0 0 2 2 6 4 1 0 0 1
"g4151" 11 0 16 1 11 2 11 10 16 6
"g4152" 32 15 6 6 2 8 12 15 12 4
"g4153" 183 84 83 148 126 146 153 130 225 164
"g4154" 31 53 117 24 21 28 48 108 22 91
"g4155" 66 40 63 48 71 39 54 66 89 117
"g4156" 9 10 8 4 12 10 16 4 12 8
"g4157" 5 0 0 0 12 8 8 3 7 0
"g4158" 182 288 466 939 251 764 873 578 456 138
"g4159" 380 392 276 328 438 464 631 476 548 482
"g4160" 76 16 66 12 10 32 110 6 8 21
"g4161" 52 26 5 7 13 22 46 34 45 35
"g4162" 6 6 0 3 0 4 3 2 2 4
"g4163" 5 2 5 9 12 5 8 2 5 2
"g4164" 0 14 1 0 1 1 16 2 14 0
"g4165" 9 5 5 3 2 4 6 1 1 2
"g4166" 3937 3097 1430 2259 2317 3274 2500 2029 2175 3705
"g4167" 436 361 450 403 408 646 286 185 1601 327
"g4168" 356 616 530 239 311 374 380 389 669 290
"g4169" 566 429 325 382 296 801 808 679 722 852
"g4170" 852 126 439 477 451 566 275 452 623 440
"g4171" 1991 1695 1940 1762 1683 2846 2983 2532 2002 2729
"g4172" 167 149 121 219 106 254 147 189 99 150
"g4173" 55 30 35 78 11 93 58 107 90 91
"g4174" 6 14 14 9 18 13 1 14 13 6
"g4175" 177 199 149 367 156 207 343 235 168 310
"g4176" 192 20 104 126 8 85 95 48 88 42
"g4177" 1334 724 746 965 969 1040 785 872 939 1088
"g4178" 112 138 148 210 134 202 210 118 82 86
"g4179" 99 74 65 110 87 80 118 79 104 97
"g4180" 2 7 0 16 1 0 14 0 0 0
"g4181" 49 24 27 27 19 27 49 18 43 42
"g4182" 29 18 15 39 21 19 71 22 44 40
"g4183" 10 11 6 3 11 6 19 10 13 12
"g4184" 7 3 7 3 12 0 13 0 6 0
"g4185" 745 725 650 859 628 663 679 770 793 824
"g4186" 633 569 437 636 660 299 547 479 939 1151
"g4187" 9 17 17 0 8 3 10 5 4 6
"g4188" 476 121 227 402 382 140 66 32 255 499
"g4189" 25 14 22 14 15 24 25 5 6 31
"g4190" 301 153 181 236 244 217 296 256 270 293
"g4191" 812 469 475 663 632 587 815 615 576 1070
"g4192" 146 221 211 62 125 134 128 107 119 100
"g4193" 4 0 2 3 2 3 2 3 3 2
"g4194" 174 132 154 108 171 162 240 125 239 196
"g4195" 17 0 8 3 1 5 19 0 0 5
"g4196" 479 1241 674 661 962 760 820 783 683 738
"g4197" 13 55 23 17 28 75 63 39 68 33
"g4198" 41 178 80 64 38 81 106 107 43 26
"g4199" 227 133 65 201 195 169 468 161 212 323
"g4200" 313 286 203 275 225 134 291 270 403 251
"g4201" 297 222 299 216 107 268 249 245 77 175
"g4202" 16 9 14 6 8 11 14 1 7 9
"g4203" 289 374 723 892 837 493 1586 414 951 439
"g4204" 23 29 55 24 73 32 124 80 62 61
"g4205" 5 7 5 0 1 2 8 1 3 1
"g4206" 318 188 297 181 215 72 137 209 164 292
"g4207" 3 11 6 11 11 2 0 10 8 3
"g4208" 3438 2537 2054 1526 2334 3733 4832 2700 2508 2578
"g4209" 126 123 120 167 225 65 122 77 316 105
"g4210" 105 59 28 73 241 78 79 41 4 43
"g4211" 48 3 0 13 0 0 0 12 18 14
"g4212" 111 21 9 72 77 42 81 59 88 20
"g4213" 7 2 3 2 3 9 1 6 5 2
"g4214" 109 30 45 32 117 51 85 85 62 48
"g4215" 15 30 6 36 27 24 17 5 109 9
"g4216" 310 243 169 115 199 112 361 178 276 191
"g4217" 14 1 0 3 18 3 5 3 11 16
"g4218" 28 132 5 6 34 11 4 24 36 14
"g4219" 0 10 2 4 1 3 14 10 13 6
"g4220" 2342 2122 2721 2520 2511 2891 3498 2489 3382 2482
"g4221" 335 236 205 381 116 180 438 136 444 281
"g4222" 34 36 37 110 95 213 71 46 153 105
"g4223" 35 53 69 19 37 61 169 78 44 13
"g4224" 1 3 52 26 65 24 76 9 34 37
"g4225" 56 85 56 111 78 71 95 103 136 80
"g4226" 454 412 399 322 393 479 490 372 595 367
"g4227" 8 10 7 13 17 11 10 17 14 15
"g4228" 111 57 82 155 40 192 272 104 126 110
"g4229" 14 16 8 15 5 11 37 12 3 29
"g4230" 168 151 67 61 88 227 139 104 115 197
"g4231" 653 717 459 566 595 1628 355 351 339 734
"g4232" 960 591 1256 768 860 565 782 756 1516 1278
"g4233" 10 19 451 34 514 122 59 271 743 73
"g4234" 324 159 191 230 251 362 381 261 369 266
"g4235" 1524 558 1043 672 1412 124 732 921 2484 1192
"g4236" 1027 1214 964 780 601 616 1155 641 1209 1436
"g4237" 152 78 34 179 90 94 132 93 167 96
"g4238" 3 4 4 6 4 1 5 4 10 6
"g4239" 200 125 156 118 200 124 301 148 272 121
"g4240" 102 82 61 52 67 81 225 75 68 68
"g4241" 366 272 241 242 259 299 377 248 411 403
"g4242" 73 21 29 67 65 49 192 16 52 132
"g4243" 77 51 131 11 60 52 88 104 113 132
"g4244" 65 35 39 24 39 44 57 24 32 30
"g4245" 5 13 2 8 11 4 0 5 8 0
"g4246" 1 6 6 1 3 2 4 1 3 0
"g4247" 386 37 63 105 120 147 48 280 278 124
"g4248" 6 2 7 9 9 8 5 18 3 1
"g4249" 12 4 4 4 3 7 11 5 5 4
"g4250" 1323 676 736 658 1046 956 1504 1293 1508 1173
"g4251" 74 94 52 112 54 68 77 95 62 72
"g4252" 5 8 6 16 13 3 38 16 24 4
"g4253" 952 386 471 406 638 448 698 639 486 489
"g4254" 800 752 1062 1417 861 804 1226 960 1192 1392
"g4255" 538 878 363 492 507 637 689 429 660 314
"g4256" 52 30 41 44 32 46 69 46 45 13
"g4257" 851 731 1140 1245 827 925 1456 723 929 993
"g4258" 107 61 437 278 206 322 307 124 707 419
"g4259" 657 233 252 266 294 417 368 306 584 328
"g4260" 9 5 10 3 4 0 6 3 4 3
"g4261" 882 552 548 609 792 500 576 535 1136 578
"g4262" 0 0 13 0 0 1 0 1 0 0
"g4263" 1375 886 1964 1322 1252 1072 928 845 1419 1642
"g4264" 266 76 149 121 137 200 261 220 241 225
"g4265" 132 121 63 118 115 97 224 48 363 128
"g4266" 4 3 9 10 6 2 10 4 6 10
"g4267" 69 85 16 167 41 29 5 24 24 18
"g4268" 3 2 3 3 0 5 9 2 0 6
"g4269" 5 2 0 0 28 11 7 1 7 1
"g4270" 1965 1137 1770 1487 1989 1996 3004 2704 2759 3190
"g4271" 79 95 22 74 104 53 82 30 68 69
"g4272" 1621 1532 728 611 1296 658 1392 1226 724 822
"g4273" 8 4 16 14 0 2 18 1 9 16
"g4274" 1460 904 622 700 340 401 1517 737 795 757
"g4275" 149 115 133 104 126 147 233 155 249 168
"g4276" 488 318 283 297 203 352 726 382 450 328
"g4277" 346 13 16 5 64 32 243 42 214 83
"g4278" 905 626 472 135 615 276 500 398 564 506
"g4279" 6 5 2 3 6 9 10 6 5 16
"g4280" 294 135 150 164 159 272 241 250 643 201
"g4281" 10 19 8 10 11 12 15 9 32 26
"g4282" 55 49 58 59 46 37 55 61 85 71
"g4283" 5460 2798 2570 2386 3045 2843 3189 2811 3559 4243
"g4284" 35 3 3 23 20 13 17 9 30 11
"g4285" 2247 274 414 478 663 1099 432 130 841 1025
"g4286" 17 27 407 140 63 1626 686 385 419 122
"g4287" 9 7 6 4 4 8 7 5 10 7
"g4288" 430 133 634 654 372 162 1040 146 246 412
"g4289" 2060 2484 2259 1803 1925 1580 2853 2573 2773 2168
"g4290" 3414 2031 1926 2406 1069 1493 3781 3514 5303 3463
"g4291" 48 31 32 30 48 39 39 44 74 61
"g4292" 736 440 775 525 557 541 1085 488 876 579
"g4293" 643 334 320 282 298 187 741 177 341 669
"g4294" 10 0 63 1 3 47 12 8 60 12
"g4295" 2 58 148 85 32 99 115 115 95 58
"g4296" 62 34 136 108 167 73 197 149 44 145
"g4297" 1249 929 1001 663 1113 883 1484 699 721 1169
"g4298" 12 2 4 5 3 4 2 2 6 6
"g4299" 81 57 63 51 73 104 119 104 96 101
"g4300" 3841 1964 2000 2126 2785 3463 4439 3982 4238 2389
"g4301" 595 447 805 573 853 317 1086 932 1008 1063
"g4302" 567 417 513 407 326 365 532 326 559 446
"g4303" 298 215 156 119 29 220 126 329 38 115
"g4304" 1000 709 1305 2541 2003 626 2265 1164 1285 742
"g4305" 216 609 609 791 519 1504 622 385 831 421
"g4306" 2822 2823 1869 2084 2968 2488 3368 2379 2793 2291
"g4307" 8 5 3 0 4 2 3 4 3 5
"g4308" 0 0 0 2 1 0 0 0 6 19
"g4309" 376 168 300 234 185 194 411 201 305 216
"g4310" 0 2 0 5 0 4 1 0 0 2
"g4311" 3 9 5 4 7 7 7 7 10 12
"g4312" 5 2 2 3 2 7 3 2 5 14
"g4313" 15 4 4 6 3 6 2 4 5 12
"g4314" 60 36 79 16 22 6 55 30 65 22
"g4315" 2 6 8 3 5 3 2 2 5 2
"g4316" 5 2 4 4 1 2 10 7 2 8
"g4317" 1 3 16 39 10 11 32 13 87 85
"g4318" 3728 1929 2963 3465 3639 2864 5936 3523 3650 3880
"g4319" 242 179 221 138 133 193 286 201 370 167
"g4320" 176 101 99 219 149 126 137 125 242 81
"g4321" 151 161 159 145 39 115 172 62 183 169
"g4322" 2477 1177 2157 2201 2102 2532 2525 1709 2223 2925
"g4323" 474 215 319 173 440 131 528 459 128 502
"g4324" 330 267 95 188 391 66 276 180 932 557
"g4325" 21 39 78 42 84 112 164 67 178 84
"g4326" 56 3 31 37 56 33 15 13 57 16
"g4327" 773 504 502 386 471 159 897 442 726 684
"g4328" 2 5 2 4 13 3 11 18 9 11
"g4329" 1 2 1 1 6 5 7 3 4 4
"g4330" 400 334 471 397 338 314 576 469 397 742
"g4331" 755 454 586 666 428 333 447 273 673 645
"g4332" 3 2 1 0 4 2 11 3 2 4
"g4333" 4965 4323 3552 7488 5484 4300 4404 4826 7126 4231
"g4334" 15 41 65 36 72 74 23 142 254 13
"g4335" 0 12 13 18 5 7 40 17 52 2
"g4336" 0 0 2 0 0 7 0 2 1 1
"g4337" 1 16 7 4 0 10 5 2 10 0
"g4338" 1 0 10 10 2 27 0 0 7 0
"g4339" 1841 2753 899 1481 1667 1604 871 1134 3173 892
"g4340" 16 14 3 8 8 16 20 7 9 15
"g4341" 420 381 304 714 924 445 448 418 738 840
"g4342" 28 27 21 8 48 11 47 36 84 23
"g4343" 418 495 346 283 300 265 572 457 399 466
"g4344" 1753 1239 1315 1438 1455 1318 2113 1162 2043 1529
"g4345" 64 48 38 48 83 60 54 57 51 86
"g4346" 24 16 13 0 0 2 65 156 0 20
"g4347" 19 39 27 224 28 12 51 54 38 106
"g4348" 161 130 82 116 91 92 78 101 105 73
"g4349" 6 7 5 2 5 8 3 4 1 3
"g4350" 178 74 372 52 131 100 303 255 482 340
"g4351" 11 15 1 18 9 20 57 27 7 3
"g4352" 67 68 108 28 43 149 122 44 46 60
"g4353" 2225 1045 2223 1127 897 1932 2551 1627 2143 1732
"g4354" 13065 15612 32909 19407 30206 24469 20635 32530 25115 12872
"g4355" 52 58 50 80 79 51 66 90 75 19
"g4356" 28 19 4 14 15 29 48 19 14 23
"g4357" 71 86 95 109 117 107 193 88 133 90
"g4358" 347 491 328 211 280 224 252 204 375 325
"g4359" 5 9 4 12 12 10 11 2 6 10
"g4360" 352 285 250 188 374 206 214 150 350 96
"g4361" 268 193 212 155 169 324 190 131 146 182
"g4362" 6 10 0 3 0 2 0 4 6 4
"g4363" 111 39 72 70 36 43 82 77 180 17
"g4364" 107 40 61 71 44 100 110 32 94 138
"g4365" 208 97 165 137 217 252 180 180 259 182
"g4366" 49 43 10 39 18 41 25 23 46 29
"g4367" 99 123 100 26 76 63 36 107 89 64
"g4368" 441 236 335 457 369 415 438 334 458 381
"g4369" 754 294 246 293 191 253 514 373 615 254
"g4370" 7 9 18 9 7 11 8 7 30 8
"g4371" 20 11 16 14 30 10 37 22 15 13
"g4372" 69 86 60 122 83 35 168 75 80 134
"g4373" 750 381 625 621 472 608 691 454 889 611
"g4374" 14 2 0 0 3 8 0 2 2 7
"g4375" 2096 382 941 680 669 919 1258 533 890 590
"g4376" 19 7 9 11 6 9 19 9 18 6
"g4377" 477 475 347 257 358 213 354 184 226 343
"g4378" 402 256 274 418 466 331 913 306 527 487
"g4379" 1484 1717 2199 1038 1502 1876 4377 3112 4145 2072
"g4380" 5 3 3 7 6 6 9 6 4 19
"g4381" 8911 10425 7166 8056 10559 6132 4087 6553 12719 5085
"g4382" 64 43 75 43 39 46 37 41 90 66
"g4383" 4201 1253 1822 1970 1662 1035 1939 2446 2839 2979
"g4384" 43 25 11 23 22 21 35 19 17 34
"g4385" 489 219 286 525 548 297 627 399 712 488
"g4386" 85 114 70 126 150 68 99 110 74 108
"g4387" 2 13 9 10 10 4 16 23 9 10
"g4388" 105 167 120 210 211 246 274 223 201 335
"g4389" 236 190 241 523 235 124 318 177 252 458
"g4390" 7 1 18 92 15 5 60 44 0 119
"g4391" 739 578 454 451 646 475 735 439 937 546
"g4392" 486 563 518 463 322 527 395 309 361 403
"g4393" 39 13 33 13 33 19 58 15 36 28
"g4394" 361 224 190 197 269 244 405 235 368 526
"g4395" 480 402 264 164 203 250 189 138 415 232
"g4396" 184 133 244 131 75 310 211 111 271 156
"g4397" 6999 2963 4432 5641 2587 5183 5960 2175 7707 4362
"g4398" 15 8 2 10 0 4 11 6 9 1
"g4399" 216 62 182 147 197 100 178 57 15 124
"g4400" 535 329 148 465 146 310 577 278 909 382
"g4401" 250 126 140 168 146 130 148 200 188 110
"g4402" 2 1 1 3 2 1 2 3 3 5
"g4403" 22 0 6 14 2 2 1 6 2 10
"g4404" 71 33 13 14 7 8 37 1 4 5
"g4405" 534 393 423 490 585 408 484 533 674 658
"g4406" 1107 795 868 1018 680 793 994 862 1317 898
"g4407" 519 504 130 250 171 629 483 274 427 228
"g4408" 421 424 435 490 331 343 501 220 373 327
"g4409" 1 1 3 0 0 1 1 1 0 3
"g4410" 5 3 8 3 7 0 2 4 16 7
"g4411" 164 100 174 139 104 53 100 83 244 140
"g4412" 18679 13294 6831 7121 8821 8114 16566 11718 18488 9186
"g4413" 255 350 256 191 365 451 565 311 397 193
"g4414" 559 306 331 580 283 278 275 327 519 496
"g4415" 2162 1908 1311 1746 2182 1657 3341 1534 2834 1326
"g4416" 4 3 0 2 1 0 4 0 2 2
"g4417" 1 1 1 0 2 0 4 26 0 24
"g4418" 336 490 506 336 468 1043 924 1045 627 172
"g4419" 18 5 7 3 2 1 1 0 18 2
"g4420" 90 18 45 88 88 132 121 94 104 73
"g4421" 101 83 62 100 113 169 152 134 160 203
"g4422" 679 734 721 984 596 758 995 544 650 448
"g4423" 47 43 38 50 19 27 73 38 15 44
"g4424" 30 36 21 47 51 43 38 50 41 43
"g4425" 2936 2492 1866 1281 1949 3024 3574 1638 2711 2443
"g4426" 987 1017 976 544 365 738 503 678 1072 730
"g4427" 28 19 25 13 18 21 23 25 23 34
"g4428" 232 246 271 666 640 558 1151 875 482 264
"g4429" 228 272 164 178 191 197 328 168 225 209
"g4430" 1126 1195 1122 1452 1318 1177 1260 1000 1249 1358
"g4431" 84 114 62 68 128 145 44 105 84 71
"g4432" 0 0 13 1 72 0 0 3 75 1
"g4433" 3 40 6 28 34 9 42 53 5 2
"g4434" 31 25 14 42 36 24 75 17 52 21
"g4435" 95 542 356 813 1716 356 2114 1864 1072 2016
"g4436" 5106 5213 4163 3865 5593 3724 6896 6094 5171 1564
"g4437" 21 65 29 43 53 11 0 35 44 0
"g4438" 5 1 4 5 0 8 12 5 9 10
"g4439" 211 249 103 144 278 100 266 206 167 139
"g4440" 28 8 10 10 16 14 22 8 19 15
"g4441" 321 189 164 236 316 149 202 81 390 198
"g4442" 8 2 4 0 0 0 10 1 5 1
"g4443" 792 209 653 566 750 364 865 170 509 614
"g4444" 58 87 12 95 18 66 60 0 25 40
"g4445" 179 81 53 109 142 150 277 69 183 148
"g4446" 61 48 32 26 68 29 55 47 31 31
"g4447" 764 414 689 469 615 813 943 713 1185 964
"g4448" 14 18 5 9 5 39 23 10 17 30
"g4449" 1503 329 138 109 546 457 562 882 517 882
"g4450" 5 2 3 7 3 0 0 2 5 4
"g4451" 760 756 849 486 812 657 1524 540 600 946
"g4452" 184 380 157 113 41 3 396 20 1008 116
"g4453" 943 877 1138 884 774 843 956 564 1160 884
"g4454" 646 72 346 442 209 143 440 598 667 157
"g4455" 588 308 155 216 272 340 297 213 269 318
"g4456" 3 6 0 0 3 1 8 3 3 5
"g4457" 2683 911 1574 1247 2257 1164 1848 1549 3992 1830
"g4458" 176 155 147 219 181 109 127 144 280 140
"g4459" 1770 1593 1410 1512 1624 1624 2151 1233 1950 1500
"g4460" 65 33 43 61 87 52 77 54 104 18
"g4461" 502 662 498 679 395 550 1142 356 538 488
"g4462" 51 37 43 37 84 32 40 37 114 34
"g4463" 4 70 5 29 12 1 12 11 30 85
"g4464" 185 99 212 92 166 178 117 119 208 77
"g4465" 2 1 2 3 2 1 3 0 3 3
"g4466" 41 35 30 32 28 22 90 48 41 47
"g4467" 47 0 3 15 22 5 1 23 5 1
"g4468" 22 6 6 13 3 4 10 8 23 20
"g4469" 491 194 367 470 439 312 929 488 568 594
"g4470" 391 280 374 330 196 434 456 329 764 235
"g4471" 82 91 133 65 158 75 130 108 111 109
"g4472" 0 0 1 8 0 3 0 0 24 0
"g4473" 226 361 366 199 382 253 264 198 225 552
"g4474" 368 409 364 331 626 283 729 590 766 328
"g4475" 1354 653 1269 965 1275 1499 1695 967 1113 1239
"g4476" 107 36 154 89 86 135 135 71 157 101
"g4477" 867 439 364 748 303 469 1094 483 1298 635
"g4478" 369 530 247 400 315 359 286 208 594 358
"g4479" 284 176 147 511 176 278 148 298 165 203
"g4480" 54 73 100 162 45 43 188 82 216 17
"g4481" 85 58 33 28 42 85 101 135 60 86
"g4482" 8 6 11 12 13 11 7 9 6 14
"g4483" 8 10 16 9 6 8 11 10 17 26
"g4484" 25 8 8 53 12 8 8 52 17 16
"g4485" 66 40 43 49 36 81 66 36 119 84
"g4486" 11 15 11 10 11 12 19 16 26 12
"g4487" 45 26 29 33 34 31 42 33 48 36
"g4488" 24 6 2 4 9 3 43 42 2 15
"g4489" 1552 1557 1459 841 1332 1264 2492 2000 2180 1681
"g4490" 31 37 30 33 45 28 115 17 47 49
"g4491" 7 3 7 8 2 1 3 14 1 5
"g4492" 33 14 26 18 31 15 41 24 30 29
"g4493" 646 429 965 258 331 269 1194 257 556 338
"g4494" 759 916 975 766 890 755 1554 569 1913 1095
"g4495" 623 671 473 552 958 851 421 171 207 402
"g4496" 109 148 56 140 78 45 69 171 154 86
"g4497" 1829 813 1384 1409 1391 1089 2082 2042 1858 1186
"g4498" 5 0 0 3 7 4 4 0 10 3
"g4499" 1283 1061 669 1182 1351 901 1238 587 2268 928
"g4500" 628 932 1030 541 810 759 690 547 1297 685
"g4501" 699 370 381 286 422 545 378 433 620 428
"g4502" 333 247 198 210 287 308 292 199 221 383
"g4503" 4 2 3 10 4 4 8 12 4 6
"g4504" 545 255 477 536 425 319 1303 395 461 341
"g4505" 9 0 4 6 14 8 6 6 6 7
"g4506" 381 300 419 277 504 610 725 431 429 232
"g4507" 16 3 3 8 10 0 4 4 2 15
"g4508" 6 6 7 10 5 14 4 0 4 20
"g4509" 248 194 135 421 232 147 159 155 8 3
"g4510" 441 449 176 427 237 404 321 208 404 367
"g4511" 132 333 218 204 551 840 683 1459 952 657
"g4512" 240 114 116 126 119 150 223 114 170 203
"g4513" 1273 533 424 470 811 1303 795 608 1141 558
"g4514" 661 800 657 537 814 672 743 219 786 429
"g4515" 328 203 296 322 201 174 308 241 391 405
"g4516" 489 109 247 301 396 314 523 393 336 569
"g4517" 1504 941 1451 932 403 958 5438 1264 1658 2928
"g4518" 3 11 67 19 14 5 5 37 69 37
"g4519" 190 117 204 188 159 104 226 135 202 178
"g4520" 306 207 170 412 314 101 672 187 262 190
"g4521" 41 28 74 47 28 164 100 43 110 157
"g4522" 8 5 4 3 16 16 17 2 24 48
"g4523" 756 306 397 211 495 352 470 422 686 443
"g4524" 82 103 77 118 177 129 181 76 179 160
"g4525" 2243 1654 1542 1451 1555 1306 1493 1253 2581 1818
"g4526" 223 3 1 0 86 35 3 4 0 99
"g4527" 6 24 27 37 16 32 7 32 15 29
"g4528" 0 0 0 6 1 0 10 0 0 4
"g4529" 101 98 117 116 20 137 79 2 12 24
"g4530" 589 53 86 178 31 46 71 351 92 39
"g4531" 972 566 565 610 934 484 115 600 866 700
"g4532" 266 260 581 126 196 112 246 339 225 101
"g4533" 16 13 13 15 15 4 22 16 12 13
"g4534" 122 35 62 71 79 95 89 16 109 47
"g4535" 2 1 3 1 3 2 6 2 3 5
"g4536" 20 2 6 8 17 12 28 12 13 20
"g4537" 13037 8591 3816 7955 6662 5494 5628 4585 7125 13815
"g4538" 14 77 29 29 18 234 217 47 79 235
"g4539" 3719 2113 5717 2133 1642 2080 2389 2663 3651 2662
"g4540" 777 901 1263 949 1008 1138 1246 488 1502 863
"g4541" 206 349 169 102 338 198 394 162 248 205
"g4542" 6 4 8 2 1 5 9 3 3 10
"g4543" 0 27 17 16 18 7 49 44 84 69
"g4544" 4 1 0 2 8 21 1 5 0 11
"g4545" 49 42 21 19 15 12 3 20 10 21
"g4546" 1 25 0 0 61 0 3 1 0 17
"g4547" 104 91 50 35 33 201 101 135 145 53
"g4548" 5 7 3 3 0 0 3 3 0 0
"g4549" 835 465 170 89 109 285 551 11 772 639
"g4550" 1550 798 1065 1227 1098 1203 1866 953 1457 1719
"g4551" 346 242 265 399 342 338 319 267 227 487
"g4552" 123 88 109 162 142 145 174 197 230 176
"g4553" 17 8 14 15 51 15 50 7 27 24
"g4554" 128 100 57 143 52 119 34 193 232 209
"g4555" 339 29 161 15 82 49 135 190 87 90
"g4556" 1981 1025 1032 1363 852 1632 2247 1830 1833 2124
"g4557" 2850 2235 3916 2884 3104 2023 4422 2725 4257 2832
"g4558" 168 18 25 144 0 132 29 28 101 82
"g4559" 0 1 3 0 2 0 0 0 2 1
"g4560" 86 94 160 149 239 186 239 81 154 219
"g4561" 837 465 451 1210 1413 826 955 1073 1022 1141
"g4562" 200 57 138 213 89 107 202 116 227 90
"g4563" 41 22 37 21 18 8 21 24 54 80
"g4564" 64 59 77 93 53 43 83 36 45 36
"g4565" 0 1 36 3 0 0 0 2 2 0
"g4566" 115 97 76 121 144 59 111 85 144 95
"g4567" 1 3 4 5 0 2 2 5 3 13
"g4568" 54 9 44 17 36 31 40 41 29 49
"g4569" 13 15 10 3 8 10 25 5 22 4
"g4570" 94 76 164 119 184 190 190 156 263 211
"g4571" 27 9 36 4 5 69 11 61 8 19
"g4572" 8 6 8 2 10 6 2 4 1 8
"g4573" 310 175 91 212 208 166 327 154 218 176
"g4574" 6 11 50 8 6 3 26 10 17 8
"g4575" 78 273 45 75 138 224 496 15 306 193
"g4576" 15 1 4 10 3 38 36 4 27 5
"g4577" 42 33 35 66 35 52 89 21 43 42
"g4578" 0 14 0 20 4 0 2 26 18 0
"g4579" 0 0 0 0 1 7 0 6 0 0
"g4580" 5 10 6 7 7 15 0 21 0 1
"g4581" 22 40 55 5 65 39 60 25 8 23
"g4582" 6 3 10 0 0 4 8 4 2 0
"g4583" 30 18 16 22 12 28 29 11 41 24
"g4584" 799 574 365 613 425 651 299 641 673 543
"g4585" 65 79 48 71 37 30 87 78 71 56
"g4586" 356 437 304 333 331 321 669 454 498 320
"g4587" 8 6 6 12 9 7 14 8 13 3
"g4588" 549 340 388 256 441 370 581 339 514 376
"g4589" 289 240 323 177 462 654 358 215 414 392
"g4590" 1161 791 626 766 601 691 990 569 1192 1035
"g4591" 28 5 15 44 14 55 1 30 48 11
"g4592" 548 727 567 767 659 700 803 788 806 581
"g4593" 19 3 12 12 0 8 40 1 2 65
"g4594" 20 5 4 12 5 7 9 12 5 12
"g4595" 22164 3309 16343 87914 27690 59012 61997 32758 24032 58986
"g4596" 0 11 1 6 4 8 0 13 0 0
"g4597" 0 1 5 4 0 3 0 0 0 1
"g4598" 3388 1715 2455 2442 3127 2932 3698 5191 3684 2662
"g4599" 97 23 39 17 6 15 52 44 108 38
"g4600" 119 136 52 129 40 470 246 64 143 123
"g4601" 504 236 85 272 239 283 367 383 89 521
"g4602" 2 9 1 3 2 0 5 11 2 3
"g4603" 14 10 18 6 10 12 28 12 14 12
"g4604" 11 5 8 3 12 6 2 1 6 74
"g4605" 168 160 142 184 78 101 251 142 112 62
"g4606" 600 484 570 544 546 556 994 497 902 810
"g4607" 30 32 16 36 29 17 16 19 42 28
"g4608" 8 6 5 4 4 3 7 6 2 3
"g4609" 24 78 23 25 86 23 38 12 113 124
"g4610" 89 59 67 134 175 74 169 152 47 259
"g4611" 624 607 441 805 320 415 693 548 389 1245
"g4612" 68 74 26 12 42 27 48 74 106 45
"g4613" 9 2 0 45 6 4 1 1 3 1
"g4614" 6 0 6 3 1 0 3 3 17 4
"g4615" 174 33 310 94 138 19 20 161 155 116
"g4616" 243 178 205 204 194 214 175 148 175 201
"g4617" 43 80 43 109 57 59 91 30 33 71
"g4618" 667 634 626 896 977 1044 1350 764 1120 1072
"g4619" 89 67 169 126 187 97 180 122 249 180
"g4620" 2052 9927 1839 2873 2807 1815 1875 3011 846 3455
"g4621" 1111 801 710 710 1110 869 1370 874 1097 996
"g4622" 253 421 214 194 228 198 446 245 544 470
"g4623" 11 14 22 24 7 8 71 46 17 23
"g4624" 0 0 0 0 1 8 9 3 0 6
"g4625" 219 120 256 224 189 133 437 228 224 191
"g4626" 4 0 1 0 0 3 1 1 0 4
"g4627" 0 0 0 0 1 0 0 1 2 2
"g4628" 205 93 602 790 615 797 646 225 965 501
"g4629" 16 11 16 18 9 7 24 16 19 15
"g4630" 56 32 19 56 13 29 84 19 44 37
"g4631" 14 4 24 28 12 21 17 13 19 21
"g4632" 145 137 88 60 90 123 125 91 51 107
"g4633" 687 231 293 449 537 302 906 288 381 285
"g4634" 311 175 207 160 165 147 109 382 158 255
"g4635" 41 18 41 17 8 20 16 14 29 18
"g4636" 640 804 295 111 844 770 572 486 794 876
"g4637" 159 110 168 52 125 70 63 165 201 97
"g4638" 497 398 325 481 256 531 749 341 677 399
"g4639" 4830 4795 2113 1782 2297 1362 1183 2117 1814 5044
"g4640" 1024 1790 1396 768 807 924 1978 1116 2570 1443
"g4641" 53 42 60 50 28 40 66 59 97 92
"g4642" 185 172 232 177 464 163 297 217 179 285
"g4643" 2084 2961 1303 1918 4085 2132 3688 2828 2470 3888
"g4644" 0 0 0 1 1 1 3 1 0 0
"g4645" 116 30 71 112 30 46 98 97 15 71
"g4646" 1440 1061 838 1065 1016 566 1594 1008 2151 1080
"g4647" 7 11 9 6 7 12 11 4 9 13
"g4648" 2100 1454 860 730 614 1142 2041 1265 2206 2385
"g4649" 401 337 367 697 539 311 896 389 471 818
"g4650" 57 59 25 42 36 8 72 21 15 39
"g4651" 890 196 695 1307 550 375 820 506 1946 596
"g4652" 14 106 134 84 127 26 25 59 280 113
"g4653" 356 69 107 124 233 109 141 52 139 340
"g4654" 2 0 1 6 1 1 3 4 5 1
"g4655" 0 9 0 2 0 1 50 6 0 21
"g4656" 205 373 562 318 597 278 804 271 679 657
"g4657" 5 6 12 2 0 0 0 0 26 32
"g4658" 241 130 237 216 398 273 211 202 299 164
"g4659" 20 12 22 20 23 17 28 19 32 11
"g4660" 345 208 199 217 302 273 525 243 490 262
"g4661" 8 79 62 72 74 3 35 54 87 66
"g4662" 39 12 61 19 109 50 46 142 50 162
"g4663" 488 216 280 367 616 360 685 248 237 327
"g4664" 1177 1128 1202 1201 1333 1898 1829 2162 2689 1478
"g4665" 32 24 16 33 13 35 26 24 31 25
"g4666" 0 1 4 0 1 3 0 4 4 2
"g4667" 0 0 2 1 2 4 3 0 2 2
"g4668" 76 85 90 84 90 40 113 61 104 98
"g4669" 6 5 3 18 4 11 6 18 6 13
"g4670" 4408 2629 2654 2663 2951 2975 6098 3265 2873 3790
"g4671" 5 2 2 3 2 2 3 2 3 3
"g4672" 175 98 169 176 110 119 265 107 223 216
"g4673" 2681 3761 2348 1489 4367 2563 2886 2478 3172 4290
"g4674" 5526 3867 4391 7469 4793 4878 7269 6092 7938 6033
"g4675" 169 291 344 274 80 238 566 242 195 236
"g4676" 2061 1319 998 854 1849 1598 2137 1401 2051 1949
"g4677" 67 85 53 83 92 42 71 98 201 27
"g4678" 722 293 522 390 394 334 744 419 336 445
"g4679" 23 64 9 12 11 9 10 23 29 18
"g4680" 66 30 155 68 215 88 170 142 245 176
"g4681" 12 10 10 6 8 6 16 20 2 11
"g4682" 20 46 32 33 29 17 60 63 32 17
"g4683" 2 13 7 1 2 5 1 1 4 1
"g4684" 0 0 31 6 1 19 0 0 1 8
"g4685" 4465 2553 2086 3011 1884 1625 3873 2037 3415 2215
"g4686" 831 918 857 879 877 1609 1737 1413 1519 771
"g4687" 0 0 7 3 7 2 6 1 0 14
"g4688" 492 750 433 921 2069 889 1376 915 1939 2085
"g4689" 49 43 34 56 61 72 36 30 30 58
"g4690" 981 888 808 871 1230 930 1678 752 1445 1228
"g4691" 36 42 7 45 57 47 134 4 14 40
"g4692" 356 220 255 263 352 289 467 321 524 364
"g4693" 1 2 0 4 0 1 0 0 2 1
"g4694" 651 448 305 343 1019 178 663 286 640 533
"g4695" 1 0 29 19 2 1 7 7 61 13
"g4696" 0 0 1 1 3 0 1 0 1 1
"g4697" 22 5 12 16 29 2 13 11 10 14
"g4698" 11 9 35 10 17 9 46 15 1 68
"g4699" 12 13 13 9 16 5 20 14 36 15
"g4700" 46 126 39 150 77 138 204 126 94 144
"g4701" 3404 4115 2141 2989 3512 2319 3116 3778 6766 4712
"g4702" 183 121 300 90 245 193 226 66 345 280
"g4703" 144 44 60 58 75 71 146 98 93 25
"g4704" 959 220 227 309 170 243 729 541 684 896
"g4705" 94 100 110 100 155 46 102 75 102 94
"g4706" 489 286 849 435 319 319 550 97 238 928
"g4707" 4 4 1 15 4 2 11 10 5 25
"g4708" 3 8 8 5 3 5 5 3 5 2
"g4709" 0 2 0 0 2 28 0 6 17 0
"g4710" 33 19 4 8 3 18 41 8 4 38
"g4711" 1603 598 1029 1431 1215 995 1607 832 1865 1553
"g4712" 176 121 131 152 147 138 193 101 159 143
"g4713" 213 90 58 103 25 130 250 117 104 59
"g4714" 133 100 122 111 120 135 141 160 219 115
"g4715" 2728 2598 2433 2459 1868 1941 2313 2459 3327 2297
"g4716" 6 5 23 6 40 13 0 4 23 2
"g4717" 314 450 466 591 251 433 552 503 690 433
"g4718" 394 80 173 205 283 268 343 462 268 88
"g4719" 86 87 35 107 51 47 41 88 38 27
"g4720" 0 0 50 50 0 0 0 0 2 19
"g4721" 72 64 68 47 87 76 90 64 93 50
"g4722" 12 20 10 26 9 18 39 22 36 4
"g4723" 9 10 10 3 12 8 11 14 16 11
"g4724" 33 42 21 22 29 35 34 34 32 33
"g4725" 1034 320 967 732 733 357 828 746 651 734
"g4726" 1327 1050 1504 1232 2411 2636 2071 2590 3103 944
"g4727" 726 567 385 772 519 737 849 539 1112 911
"g4728" 5013 3843 2850 3167 2653 2109 3464 3256 8762 3974
"g4729" 237 417 507 561 994 635 558 374 663 684
"g4730" 19 40 57 74 66 83 59 17 27 43
"g4731" 2828 1805 1600 2088 1935 2006 3015 1649 3100 2608
"g4732" 23 17 13 19 15 25 28 12 36 23
"g4733" 375 188 206 237 279 317 382 201 275 292
"g4734" 22 10 15 17 24 12 27 11 38 19
"g4735" 138 140 131 154 126 162 143 174 201 160
"g4736" 281 344 227 277 163 199 374 231 249 199
"g4737" 685 580 613 375 489 658 842 477 415 382
"g4738" 13965 8297 12786 6603 9929 11938 24246 10968 12391 12323
"g4739" 376 250 641 400 412 590 852 463 540 194
"g4740" 4 2 0 0 0 3 3 0 0 0
"g4741" 6 1 4 2 13 19 12 2 3 16
"g4742" 2050 1560 1547 1992 2206 1287 3160 1609 2088 1870
"g4743" 10 16 15 18 13 3 13 4 7 20
"g4744" 453 237 276 169 326 447 237 254 383 459
"g4745" 2478 1954 1126 2144 1212 360 3773 2708 6689 2227
"g4746" 156 145 163 173 123 84 244 274 182 190
"g4747" 195 89 149 151 196 146 205 114 183 214
"g4748" 57 57 77 77 121 70 170 78 63 87
"g4749" 1 2 1 3 0 5 3 0 11 2
"g4750" 92 9 65 534 24 188 191 10 155 264
"g4751" 246 137 130 49 185 262 183 170 431 249
"g4752" 11 6 15 14 16 16 33 12 13 16
"g4753" 44 12 24 11 10 17 69 26 28 7
"g4754" 77 110 80 157 135 186 219 253 159 400
"g4755" 618 71 283 127 271 61 1064 438 807 231
"g4756" 307 226 149 295 43 88 138 257 306 184
"g4757" 1639 2233 3479 1683 2881 1259 2872 3263 3333 2115
"g4758" 270 150 189 320 18 275 125 282 347 269
"g4759" 15 2 3 4 13 3 5 6 6 6
"g4760" 26497 9798 16637 12833 23087 17672 10843 16334 18278 8772
"g4761" 774 452 630 516 486 724 1021 608 978 959
"g4762" 336 150 162 73 166 81 352 167 294 148
"g4763" 5 0 1 2 3 6 12 3 3 0
"g4764" 8 2 0 5 3 3 5 3 2 0
"g4765" 7 2 3 0 9 1 4 2 1 8
"g4766" 1461 1431 1729 780 1206 1113 1186 1564 2636 1346
"g4767" 74 54 45 42 65 36 89 16 77 48
"g4768" 0 3 0 4 1 28 35 8 0 1
"g4769" 14 34 47 15 46 21 58 25 99 1
"g4770" 500 285 280 226 293 228 470 451 461 548
"g4771" 2052 1079 754 635 279 565 1118 1488 951 1296
"g4772" 3 2 2 5 0 5 0 3 1 0
"g4773" 58 64 78 56 51 75 14 38 122 29
"g4774" 2124 904 776 1192 1084 1219 2085 1881 2729 1312
"g4775" 267 277 144 200 280 186 415 166 267 261
"g4776" 171 73 170 92 147 117 122 152 223 110
"g4777" 390 275 86 306 301 212 309 266 385 289
"g4778" 6 44 8 13 14 22 14 47 31 12
"g4779" 1986 1201 1937 1712 2104 1626 2925 1805 2036 2218
"g4780" 84 166 74 51 155 25 142 216 253 335
"g4781" 550 260 520 473 328 460 603 446 745 509
"g4782" 3 0 0 0 2 0 10 6 0 9
"g4783" 2788 2039 1896 2595 2044 1829 3249 1682 3051 1555
"g4784" 4907 3528 2637 2935 4126 2211 4083 3549 3696 3323
"g4785" 865 798 538 679 648 833 1103 629 1230 1199
"g4786" 75 73 49 53 35 47 30 144 34 45
"g4787" 58 5 16 81 55 45 42 15 45 52
"g4788" 20 1 3 5 0 18 1 3 21 7
"g4789" 47 13 0 22 27 2 24 9 18 3
"g4790" 150 15 422 187 201 270 662 85 202 305
"g4791" 16 3 4 10 6 4 13 8 12 4
"g4792" 1 4 2 0 3 2 9 2 6 3
"g4793" 143 121 104 83 102 201 222 155 176 232
"g4794" 566 257 409 730 166 94 685 628 909 366
"g4795" 2 2 0 7 4 13 1 0 8 5
"g4796" 7 15 27 11 19 20 53 30 20 11
"g4797" 6 5 0 21 0 26 27 8 12 14
"g4798" 14 9 10 15 19 9 31 11 25 3
"g4799" 461 452 212 465 616 500 795 505 358 282
"g4800" 128 69 119 42 36 27 126 36 365 29
"g4801" 19 19 8 30 26 21 15 9 20 20
"g4802" 153 66 114 97 68 85 78 43 113 68
"g4803" 171 12 6 149 126 65 36 71 53 181
"g4804" 288 179 214 418 179 195 164 192 190 349
"g4805" 6 9 24 26 5 3 12 35 18 4
"g4806" 3 5 6 0 2 3 2 2 10 7
"g4807" 33 27 39 18 20 18 65 19 26 56
"g4808" 192 18 65 97 78 76 42 18 18 138
"g4809" 646 800 651 330 709 562 1307 675 919 664
"g4810" 21 13 26 23 26 21 40 11 16 21
"g4811" 6148 3546 4342 4296 4762 4949 8405 4693 7812 6441
"g4812" 1 0 2 0 0 0 0 0 0 2
"g4813" 205 136 206 86 186 174 191 50 525 359
"g4814" 10 15 7 17 5 7 41 5 14 48
"g4815" 5 4 1 2 11 2 1 4 3 6
"g4816" 1 0 0 0 2 7 0 1 0 3
"g4817" 0 0 4 1 1 2 6 1 6 3
"g4818" 87 150 78 73 167 113 169 133 236 134
"g4819" 1 8 7 2 1 13 5 18 3 11
"g4820" 593 573 451 555 547 459 790 514 715 597
"g4821" 2471 1884 2001 2415 1764 2961 2072 1746 1860 1815
"g4822" 0 6 3 7 2 6 7 6 8 3
"g4823" 20 17 91 54 14 39 41 32 46 53
"g4824" 269 99 82 228 409 147 409 182 449 270
"g4825" 2 7 7 4 6 3 1 5 1 0
"g4826" 397 22 252 99 119 244 269 43 58 376
"g4827" 19 25 23 19 29 26 22 16 27 12
"g4828" 0 1 5 4 0 2 23 3 4 14
"g4829" 2749 1342 1418 1700 1515 1982 2472 2207 2538 1554
"g4830" 5 2 13 7 4 12 9 3 25 13
"g4831" 157 149 113 106 95 162 294 135 315 242
"g4832" 71 45 42 87 14 36 45 6 44 91
"g4833" 497 301 290 519 239 440 431 665 523 228
"g4834" 20 28 12 24 19 20 35 23 23 55
"g4835" 55 43 94 238 63 41 255 68 171 114
"g4836" 22 57 32 35 76 36 65 44 7 51
"g4837" 1984 1689 1347 1356 1574 1065 1873 1501 1983 1659
"g4838" 3639 2725 2650 3627 3846 5438 3582 1740 5404 5039
"g4839" 4 14 9 8 14 10 30 3 26 38
"g4840" 1961 868 586 829 1774 1145 1478 1029 1777 1052
"g4841" 14 1 7 6 7 2 0 3 4 7
"g4842" 9191 5506 4315 8056 5569 5467 9897 6514 9950 6292
"g4843" 941 1403 1500 647 829 637 1492 854 1322 855
"g4844" 6937 5223 6539 3502 3846 3767 6744 6865 4774 12536
"g4845" 95 35 65 119 31 205 213 29 211 342
"g4846" 641 1035 1297 1296 1509 1922 1553 813 877 2235
"g4847" 84 78 86 43 77 110 113 138 88 92
"g4848" 289 77 130 185 146 113 114 270 39 75
"g4849" 0 2 0 0 0 3 0 0 1 1
"g4850" 1157 1030 921 510 1120 997 1520 1070 1060 1486
"g4851" 402 899 386 1169 893 427 442 802 726 964
"g4852" 2 1 0 2 3 14 1 3 2 13
"g4853" 17 11 8 6 21 9 16 5 15 1
"g4854" 673 401 466 578 469 721 202 1326 522 1359
"g4855" 0 0 0 1 0 0 0 3 0 3
"g4856" 375 160 244 63 929 247 694 977 175 314
"g4857" 1255 1374 652 905 1226 1015 2241 1369 2251 1382
"g4858" 28 23 21 20 21 24 10 8 56 24
"g4859" 154 121 35 112 120 305 38 242 388 872
"g4860" 958 973 930 598 937 577 1503 664 1042 919
"g4861" 69 57 19 62 27 60 68 41 46 32
"g4862" 19 11 8 19 29 23 13 37 14 16
"g4863" 746 363 1220 847 778 1085 1751 526 1675 1300
"g4864" 173 264 226 153 392 89 218 249 291 118
"g4865" 390 283 154 103 255 136 576 277 254 767
"g4866" 151 44 31 53 32 36 162 43 104 119
"g4867" 303 143 133 80 246 131 1008 171 260 465
"g4868" 1430 1201 1851 925 1613 661 1642 1719 2273 2589
"g4869" 6 4 6 10 3 12 2 1 7 1
"g4870" 10 18 14 8 8 6 26 14 16 18
"g4871" 3013 3726 6441 4721 5276 5876 5787 5010 6604 4797
"g4872" 385 359 285 709 469 548 802 409 495 275
"g4873" 305 206 125 154 164 161 355 306 223 176
"g4874" 1 1 2 3 0 8 13 6 1 7
"g4875" 2 1 8 8 1 4 6 5 9 7
"g4876" 2 1 5 3 2 1 4 6 4 2
"g4877" 39 38 15 27 26 33 42 11 37 22
"g4878" 82 104 52 53 38 94 329 102 125 114
"g4879" 58 2 10 7 13 5 2 9 0 34
"g4880" 160 113 220 415 290 225 267 103 375 170
"g4881" 0 12 4 8 6 7 0 0 29 1
"g4882" 79 32 58 35 67 16 24 13 20 19
"g4883" 9 5 4 20 5 8 5 5 5 2
"g4884" 11 11 6 8 15 14 11 17 14 6
"g4885" 10 0 9 2 2 4 112 27 20 2
"g4886" 1 0 1 0 0 2 0 2 9 1
"g4887" 41 58 59 22 36 38 3 35 68 70
"g4888" 0 3 2 1 2 0 5 2 3 3
"g4889" 224 125 62 31 220 31 336 90 169 129
"g4890" 0 2 9 0 0 1 0 0 2 0
"g4891" 2870 2485 3356 2717 2198 1495 3363 2437 2728 3368
"g4892" 57 28 65 36 12 98 61 33 78 68
"g4893" 6320 3379 1645 3816 8369 1255 7603 3331 10659 5883
"g4894" 1580 715 1010 686 1004 1109 1505 872 1284 1168
"g4895" 27 21 17 5 24 11 6 11 34 41
"g4896" 24 13 80 63 20 19 17 184 10 104
"g4897" 50 23 63 24 22 13 10 32 78 56
"g4898" 44 24 51 51 40 42 53 25 24 16
"g4899" 5538 3012 2468 3885 3627 3117 3375 2796 4566 3406
"g4900" 0 4 0 1 0 0 6 0 0 0
"g4901" 145 257 123 132 106 133 227 464 320 437
"g4902" 1434 1034 777 2046 1132 1175 2326 1356 1843 1897
"g4903" 8 5 1 3 6 7 8 7 4 10
"g4904" 151 67 111 93 64 39 141 91 116 70
"g4905" 2478 1535 1918 2234 1989 1813 2090 1763 3203 1536
"g4906" 356 62 217 84 223 183 406 140 466 99
"g4907" 32 30 21 20 27 19 25 30 39 45
"g4908" 103 88 34 63 38 51 64 25 58 55
"g4909" 1801 995 1063 811 903 1355 1949 884 1253 988
"g4910" 60 56 45 55 29 26 45 70 98 60
"g4911" 23 41 8 9 5 63 77 6 9 27
"g4912" 23 57 79 94 105 25 61 53 29 113
"g4913" 85 39 42 78 53 163 123 22 106 46
"g4914" 25 96 44 21 33 48 102 42 111 103
"g4915" 12 10 10 6 16 4 7 11 15 17
"g4916" 1081 879 1086 994 1177 851 1976 1195 1362 871
"g4917" 156 97 153 120 120 178 276 225 197 167
"g4918" 156 46 40 29 65 88 75 51 63 108
"g4919" 14 7 38 31 13 27 3 12 15 12
"g4920" 63 39 64 56 94 38 128 29 207 51
"g4921" 448 196 198 433 446 402 812 522 611 219
"g4922" 906 430 159 740 1014 714 448 96 1649 1745
"g4923" 25 20 33 33 59 29 44 33 34 34
"g4924" 388 417 415 271 535 501 550 386 530 393
"g4925" 1012 1859 1041 641 2159 405 2013 2149 1834 4893
"g4926" 6 1 1 2 2 2 7 1 1 2
"g4927" 1298 518 616 896 455 600 815 574 1366 798
"g4928" 874 360 443 941 191 241 474 318 677 531
"g4929" 8 10 8 7 11 13 22 6 15 18
"g4930" 4 0 4 3 11 10 12 7 5 1
"g4931" 10 4 11 2 5 2 8 9 6 4
"g4932" 42 20 35 28 145 26 106 19 74 65
"g4933" 59 9 2 31 50 3 23 13 21 126
"g4934" 144 164 129 172 378 146 159 178 239 197
"g4935" 76 12 24 35 17 49 55 16 60 44
"g4936" 2 4 2 1 2 3 4 1 1 3
"g4937" 65 42 22 34 23 33 79 31 57 29
"g4938" 962 964 568 820 361 499 595 806 654 511
"g4939" 1 10 2 13 7 1 12 3 1 23
"g4940" 19 9 8 11 10 6 13 11 9 12
"g4941" 47 26 15 37 59 28 88 29 98 54
"g4942" 0 0 8 9 12 0 0 0 0 0
"g4943" 4 7 9 3 17 8 4 4 1 4
"g4944" 90 123 108 153 158 193 134 104 49 159
"g4945" 2013 1141 2289 1114 2109 1799 3177 1607 3568 946
"g4946" 26 2 0 1 15 19 8 14 11 0
"g4947" 3971 2583 3345 2851 3338 3230 4894 2706 4768 2842
"g4948" 130 97 155 88 89 49 127 49 107 55
"g4949" 127 93 127 173 286 259 211 239 279 163
"g4950" 1618 723 973 1135 1477 1104 1341 668 1541 1582
"g4951" 70 19 33 28 13 9 23 34 4 7
"g4952" 197 30 68 48 52 24 30 76 55 24
"g4953" 866 588 528 311 573 416 777 600 779 548
"g4954" 13 39 22 30 48 11 26 8 27 56
"g4955" 52 81 61 65 55 75 73 103 77 70
"g4956" 231 117 142 174 217 214 305 120 189 165
"g4957" 13 5 6 7 9 5 14 5 8 3
"g4958" 2996 2090 2422 1725 2954 2716 1577 2233 2044 1477
"g4959" 702 664 542 642 788 465 825 496 1098 809
"g4960" 269 165 282 194 142 111 260 167 214 217
"g4961" 277 154 208 249 283 239 292 135 320 178
"g4962" 17 10 0 17 22 18 12 8 21 16
"g4963" 32 59 9 52 27 0 79 60 54 53
"g4964" 1095 516 525 652 600 518 640 1886 2535 1093
"g4965" 5 4 3 3 4 3 11 4 8 6
"g4966" 266 249 259 427 224 222 489 399 532 367
"g4967" 5 6 0 0 24 1 10 31 12 15
"g4968" 285 108 43 103 193 740 25 89 488 486
"g4969" 2300 1138 359 1600 975 722 2907 1295 1024 1023
"g4970" 908 483 628 372 456 537 684 503 720 652
"g4971" 15 56 44 37 31 38 102 70 87 37
"g4972" 610 297 217 295 223 172 971 324 588 619
"g4973" 3 4 5 2 30 13 20 2 0 77
"g4974" 250 193 93 158 185 160 159 129 242 144
"g4975" 148 167 120 193 226 118 54 337 304 452
"g4976" 47 106 51 111 2 84 159 139 156 25
"g4977" 48 2 18 17 7 12 41 35 33 4
"g4978" 17 8 9 7 11 21 24 0 4 9
"g4979" 15 4 12 7 1 6 2 18 28 20
"g4980" 811 450 574 700 573 688 992 618 746 486
"g4981" 570 110 270 555 780 619 533 126 256 322
"g4982" 45 32 36 48 52 37 65 63 68 23
"g4983" 28 39 27 61 31 23 93 14 52 30
"g4984" 37 11 49 76 40 46 10 12 107 24
"g4985" 1351 1031 706 686 535 529 1907 158 763 592
"g4986" 3743 3629 2789 4450 4278 3257 6175 2659 5008 4817
"g4987" 267 54 213 187 257 247 204 133 87 85
"g4988" 2277 953 1260 1343 911 989 1750 510 1254 1477
"g4989" 374 295 373 232 1068 143 492 383 387 827
"g4990" 601 1284 302 297 536 301 443 268 734 780
"g4991" 0 0 1 3 8 10 2 0 32 3
"g4992" 68 21 2 40 0 7 109 29 22 6
"g4993" 462 628 572 204 6 578 202 208 83 117
"g4994" 66 62 23 24 41 37 150 27 78 177
"g4995" 591 358 559 519 283 261 690 511 376 688
"g4996" 1425 3169 2271 1846 5150 714 2533 1708 1573 5408
"g4997" 66 35 67 143 33 48 99 120 26 73
"g4998" 13 13 6 10 16 5 6 13 26 10
"g4999" 519 283 452 202 371 253 788 500 642 400
"g5000" 81 53 59 41 10 38 29 12 29 61
"g5001" 367 186 328 402 276 338 396 206 638 297
"g5002" 90 182 187 27 298 31 74 210 73 368
"g5003" 360 186 308 242 267 253 290 274 248 381
"g5004" 29 7 12 20 4 10 28 7 21 8
"g5005" 2 7 1 0 8 5 6 7 1 5
"g5006" 29 19 33 99 79 61 47 50 46 11
"g5007" 11 10 7 5 15 6 46 12 14 15
"g5008" 751 606 759 555 540 487 414 513 1355 958
"g5009" 44 36 43 33 43 34 67 29 34 39
"g5010" 7 92 59 23 203 28 68 58 99 301
"g5011" 24 14 14 10 17 21 19 12 28 24
"g5012" 2044 1205 1489 871 2271 2517 1328 1621 2498 1045
"g5013" 144 158 123 220 64 104 111 177 194 141
"g5014" 0 0 1 2 3 0 0 0 0 0
"g5015" 151 150 146 151 118 245 134 164 131 269
"g5016" 510 461 7 489 356 328 482 0 962 25
"g5017" 499 362 784 237 280 587 1735 285 1724 490
"g5018" 50 35 43 70 68 16 42 95 149 121
"g5019" 89 94 55 115 75 133 103 46 123 180
"g5020" 2 3 1 3 0 2 4 1 14 3
"g5021" 443 360 226 304 437 312 510 439 571 346
"g5022" 2 2 0 4 1 0 0 0 5 1
"g5023" 1280 963 856 968 1239 1473 1662 1397 1734 1180
"g5024" 10 3 5 3 1 0 7 0 46 1
"g5025" 314 842 794 468 1119 853 1230 1269 806 1051
"g5026" 31 1 38 36 37 9 49 15 18 36
"g5027" 6 0 0 0 4 7 10 2 0 8
"g5028" 2003 963 1179 941 1547 1506 1876 1254 955 1749
"g5029" 8 2 27 19 10 1 46 6 21 22
"g5030" 2305 888 736 2306 1575 613 1345 1306 841 1218
"g5031" 2 58 53 67 132 81 82 54 74 171
"g5032" 16 1 6 9 4 1 6 0 10 8
"g5033" 48 65 89 150 80 103 150 56 83 119
"g5034" 14 8 6 4 10 2 1 3 4 2
"g5035" 778 823 699 1160 553 826 831 889 1184 712
"g5036" 5 10 2 0 56 53 11 38 7 8
"g5037" 658 644 580 451 498 549 832 506 582 786
"g5038" 6 4 1 3 1 1 3 4 4 5
"g5039" 137 218 47 72 95 86 649 72 54 159
"g5040" 516 663 454 192 374 326 326 263 776 576
"g5041" 321 124 347 205 246 309 110 192 230 299
"g5042" 44 28 53 28 26 23 79 86 35 43
"g5043" 12 7 74 60 14 51 71 14 29 51
"g5044" 480 396 380 400 472 261 640 423 898 625
"g5045" 96 109 78 89 148 113 135 52 238 185
"g5046" 7 0 3 0 6 21 0 3 13 5
"g5047" 13785 8818 4993 10397 6862 13351 5499 8427 6448 4760
"g5048" 1059 557 511 855 655 931 1017 772 967 753
"g5049" 1296 974 954 700 699 520 1648 687 1153 1087
"g5050" 183 250 238 132 101 160 280 146 299 170
"g5051" 403 410 255 430 437 453 411 422 469 422
"g5052" 158 89 19 93 26 124 118 17 77 29
"g5053" 123 362 183 315 71 476 539 234 353 111
"g5054" 8 1 1 2 3 4 0 0 2 1
"g5055" 238 294 209 330 232 268 533 393 150 252
"g5056" 164 35 179 4 8 31 0 21 157 16
"g5057" 2110 1267 823 611 645 705 1266 1244 2415 1798
"g5058" 465 162 28 112 16 171 60 100 76 113
"g5059" 4 2 28 7 4 15 11 1 57 41
"g5060" 100 66 80 90 87 93 95 83 67 23
"g5061" 57 40 11 47 6 30 62 42 53 26
"g5062" 34 26 57 40 18 16 4 20 53 29
"g5063" 42070 9848 18892 21788 37720 20899 72590 8141 23042 8665
"g5064" 1 4 1 1 1 4 0 0 3 3
"g5065" 8 2 3 0 4 3 4 4 19 9
"g5066" 407 381 244 499 334 448 533 310 357 212
"g5067" 12 84 146 64 44 43 64 42 89 72
"g5068" 0 0 0 0 0 0 3 30 0 0
"g5069" 791 590 302 1050 1010 1055 914 635 1469 357
"g5070" 723 724 471 580 569 504 871 653 837 570
"g5071" 201 63 73 79 120 80 71 68 86 253
"g5072" 644 121 156 257 178 313 674 243 435 279
"g5073" 9 5 3 4 4 2 2 25 5 3
"g5074" 70 48 78 8 32 32 25 28 24 44
"g5075" 101 25 67 81 71 89 33 49 65 49
"g5076" 38 79 82 75 90 46 63 66 62 58
"g5077" 821 765 744 466 944 766 1751 577 1165 1541
"g5078" 4041 3265 3072 3804 4316 4230 4664 2997 2937 3299
"g5079" 1475 932 765 1295 1464 685 1754 633 2240 1044
"g5080" 323 133 340 181 255 157 285 277 437 203
"g5081" 505 392 264 449 358 428 268 229 384 586
"g5082" 1224 773 431 314 301 674 762 330 1022 554
"g5083" 4 1 1 1 4 2 6 4 2 5
"g5084" 18 3 7 15 9 7 5 6 14 18
"g5085" 7 34 9 10 13 6 24 24 45 15
"g5086" 187 95 85 68 67 56 32 85 81 95
"g5087" 6439 3462 6805 6354 7011 6104 12213 3055 8614 8071
"g5088" 409 373 297 335 301 878 1019 540 530 476
"g5089" 34 17 87 24 74 8 11 20 11 58
"g5090" 19 7 10 26 24 36 27 1 29 23
"g5091" 684 235 632 499 898 308 4065 1640 482 1532
"g5092" 1129 411 1105 612 961 1565 2022 744 873 1077
"g5093" 89 111 30 286 180 184 266 56 218 171
"g5094" 6344 2823 6133 5060 4331 4388 4703 4566 3055 5774
"g5095" 2 4 7 0 6 3 7 20 6 5
"g5096" 189 202 143 101 301 184 283 137 112 188
"g5097" 6643 2574 2243 2076 2023 2094 3191 2817 4172 3145
"g5098" 20 29 18 24 18 24 20 12 30 27
"g5099" 29 40 26 26 59 12 56 34 46 168
"g5100" 0 16 0 3 6 4 0 1 4 6
"g5101" 458 370 553 517 654 318 601 483 535 460
"g5102" 80 2 0 5 12 2 0 0 6 0
"g5103" 100 59 159 53 28 261 44 27 342 190
"g5104" 67 50 31 19 33 11 21 63 53 46
"g5105" 1 1 22 13 3 2 8 8 9 10
"g5106" 2 2 2 5 1 3 5 4 1 3
"g5107" 668 827 481 711 599 821 1014 582 859 699
"g5108" 85 102 136 15 62 256 129 100 230 63
"g5109" 1150 981 935 1058 1752 964 2216 503 856 1217
"g5110" 3 2 1 1 0 2 0 5 2 1
"g5111" 39 51 33 22 9 28 45 29 39 35
"g5112" 1390 950 783 890 589 1290 903 944 1591 1158
"g5113" 54 47 58 67 32 63 118 43 140 64
"g5114" 10 8 11 24 6 12 9 6 47 11
"g5115" 802 159 215 234 300 112 218 328 271 799
"g5116" 2 2 4 1 3 1 2 3 11 2
"g5117" 1464 1138 1449 1259 972 1400 1470 1961 1958 1867
"g5118" 567 808 769 633 923 266 1064 460 1208 696
"g5119" 94 140 122 136 348 30 273 58 91 111
"g5120" 43 45 22 113 14 49 29 4 44 26
"g5121" 6053 4357 3934 7677 2630 3576 13012 8895 15938 3219
"g5122" 3913 2118 2684 3595 5780 2539 4610 2988 4905 5174
"g5123" 88 17 9 60 48 33 25 11 53 23
"g5124" 2476 3898 1692 1677 1111 2229 2038 3103 2626 1544
"g5125" 0 0 0 11 1 3 2 2 0 0
"g5126" 560 290 184 355 222 791 779 421 540 302
"g5127" 223 144 123 202 259 172 404 130 332 313
"g5128" 7701 3511 4121 5591 4672 4314 10960 5761 10494 4722
"g5129" 53 120 169 191 357 101 89 85 131 181
"g5130" 75 52 39 22 24 52 14 20 76 65
"g5131" 1 10 0 0 2 0 17 16 0 0
"g5132" 4 2 1 0 0 18 12 1 3 3
"g5133" 134 88 170 157 163 134 296 102 193 155
"g5134" 104 22 18 19 62 17 175 150 8 87
"g5135" 0 3 1 3 7 2 1 1 0 2
"g5136" 45 80 66 77 87 68 66 57 81 110
"g5137" 90 168 217 72 115 181 202 80 149 325
"g5138" 74 47 52 43 46 27 95 40 54 52
"g5139" 14 71 51 49 27 100 222 31 47 8
"g5140" 273 137 155 299 177 191 180 369 318 304
"g5141" 27 18 13 2 9 8 7 17 5 21
"g5142" 181 135 149 101 238 498 171 93 41 182
"g5143" 25 18 30 19 13 38 7 12 25 9
"g5144" 207 97 159 93 94 155 269 57 116 83
"g5145" 11 24 23 30 43 21 31 10 55 37
"g5146" 616 407 280 185 335 344 804 319 394 420
"g5147" 149 165 133 138 137 290 271 136 156 162
"g5148" 190 243 221 476 141 204 426 284 217 305
"g5149" 19 28 18 16 14 15 10 37 4 18
"g5150" 22 4 6 11 6 2 18 5 23 8
"g5151" 105 103 171 93 267 132 269 90 173 62
"g5152" 3 2 1 3 2 2 6 0 1 0
"g5153" 70 9 28 29 66 26 71 10 38 11
"g5154" 1 0 2 0 0 1 14 0 4 3
"g5155" 2 4 8 2 9 6 6 6 6 8
"g5156" 226 279 469 308 494 228 431 381 471 246
"g5157" 8 7 6 12 5 3 10 7 3 5
"g5158" 26 26 30 22 32 71 48 27 54 26
"g5159" 480 125 784 549 101 338 560 99 65 224
"g5160" 20 4 5 11 6 22 12 3 12 16
"g5161" 688 174 753 574 806 689 391 464 136 1341
"g5162" 270 71 53 189 114 196 129 107 141 211
"g5163" 44 23 7 16 36 4 22 16 69 31
"g5164" 106 50 23 40 40 59 81 60 157 27
"g5165" 1062 698 351 584 829 784 651 719 613 707
"g5166" 23 9 10 12 20 8 10 8 14 18
"g5167" 53 28 35 51 22 14 16 51 17 16
"g5168" 8171 6500 6442 6062 4700 5200 8266 8275 11102 8793
"g5169" 918 483 377 495 316 922 700 493 1057 832
"g5170" 2 15 5 1 31 18 3 10 61 25
"g5171" 6 9 1 5 5 7 10 2 12 7
"g5172" 235 58 183 107 68 29 125 87 303 132
"g5173" 222 102 63 182 26 97 278 144 156 43
"g5174" 31 14 27 20 32 19 28 26 50 13
"g5175" 0 8 0 0 18 1 4 8 5 0
"g5176" 0 6 7 1 1 5 10 4 6 4
"g5177" 704 451 600 682 716 887 550 744 1307 574
"g5178" 356 64 287 65 224 160 236 260 195 213
"g5179" 1057 803 1225 1197 952 1379 1540 923 1502 884
"g5180" 203 174 115 181 122 180 278 274 250 285
"g5181" 440 231 334 251 172 307 26 136 187 214
"g5182" 164 121 43 1 237 4 27 15 27 3
"g5183" 17 11 2 32 6 23 29 5 11 33
"g5184" 499 425 1175 453 827 662 1344 476 512 513
"g5185" 98 199 244 180 150 90 335 187 163 135
"g5186" 1093 680 710 668 713 1075 964 770 820 643
"g5187" 764 327 449 381 434 613 900 508 698 509
"g5188" 240 220 92 174 96 72 171 143 108 92
"g5189" 167 58 190 289 57 101 169 103 121 79
"g5190" 506 229 222 345 292 297 391 425 379 183
"g5191" 8 8 6 4 17 28 12 15 2 2
"g5192" 4 3 4 3 2 0 6 3 2 3
"g5193" 826 942 721 732 1047 817 1664 734 1005 830
"g5194" 1 0 0 4 1 0 1 1 2 0
"g5195" 361 91 91 84 87 46 75 185 38 260
"g5196" 18 15 6 14 7 18 22 14 12 10
"g5197" 33 5 10 57 29 11 3 2 4 14
"g5198" 313 195 154 153 198 109 81 412 361 119
"g5199" 1161 460 826 513 1146 240 1761 473 460 503
"g5200" 48 38 29 36 3 109 34 77 52 62
"g5201" 10 3 4 4 5 5 2 4 7 7
"g5202" 1168 652 678 785 769 563 1015 852 1174 895
"g5203" 308 342 258 158 457 211 310 269 387 304
"g5204" 24 48 9 37 8 22 11 23 40 29
"g5205" 2664 2429 1685 733 2847 1656 3103 1148 3125 3383
"g5206" 2984 2323 2411 3027 2134 2308 4533 2293 4624 2350
"g5207" 4692 1819 2627 1599 1702 1845 3770 1986 3360 2163
"g5208" 39 32 54 28 36 39 56 70 30 47
"g5209" 19 22 11 6 8 10 13 16 21 20
"g5210" 1624 433 1129 763 728 892 1666 1036 1611 1333
"g5211" 25 11 10 13 26 8 13 19 16 15
"g5212" 953 659 752 752 795 753 1698 1151 733 909
"g5213" 212 368 166 302 160 252 525 452 598 305
"g5214" 9 12 3 10 11 4 12 11 6 6
"g5215" 521 457 179 111 30 119 420 313 291 98
"g5216" 93 35 59 38 53 30 59 9 40 69
"g5217" 18 9 21 19 22 13 31 8 30 15
"g5218" 189 172 93 158 76 126 139 70 103 159
"g5219" 249 211 169 309 294 264 260 160 267 229
"g5220" 6 9 8 5 3 0 3 3 8 10
"g5221" 130 64 42 46 78 79 106 46 82 185
"g5222" 183 46 61 267 81 95 9 14 76 7
"g5223" 101 15 19 48 225 910 198 35 29 184
"g5224" 1143 960 1113 1278 886 1100 1488 899 1511 1379
"g5225" 416 459 721 1326 759 358 925 276 800 427
"g5226" 0 6 6 2 0 0 3 0 0 0
"g5227" 3 2 3 2 2 7 1 2 11 4
"g5228" 693 389 438 403 715 352 771 449 981 642
"g5229" 953 1249 1185 1168 1738 1220 1780 1075 2595 959
"g5230" 2 5 0 0 0 9 1 1 5 1
"g5231" 1130 259 538 368 690 425 852 402 313 375
"g5232" 1215 1141 715 1452 1040 1616 1968 1346 1108 989
"g5233" 2349 1428 2436 2346 1471 1239 3759 934 3500 3378
"g5234" 331 208 273 155 311 303 224 307 333 379
"g5235" 6 10 0 1 10 13 5 12 9 26
"g5236" 1 2 1 1 0 1 7 1 2 4
"g5237" 1726 1672 1756 1464 1464 2435 3332 1729 1168 1626
"g5238" 258 99 129 73 126 160 272 182 167 67
"g5239" 1022 144 95 347 276 274 368 250 503 101
"g5240" 36 36 35 62 36 50 27 24 47 65
"g5241" 5 10 12 22 2 20 69 1 8 5
"g5242" 1 0 1 1 7 1 0 0 0 0
"g5243" 5 4 3 2 3 9 3 1 11 3
"g5244" 1533 947 1216 987 1141 1173 1143 795 1334 1064
"g5245" 360 302 362 267 400 248 384 329 630 362
"g5246" 262 104 112 422 67 532 226 151 189 80
"g5247" 2 0 0 1 4 4 1 7 0 0
"g5248" 1 1 2 9 0 1 4 1 4 0
"g5249" 2458 1490 2372 2587 2204 2633 3718 2513 2481 2801
"g5250" 7 1 6 1 2 10 4 1 18 2
"g5251" 7148 2714 5012 2751 6328 5551 5712 3702 7952 4630
"g5252" 48 73 11 28 10 53 76 16 62 43
"g5253" 418 554 811 184 913 562 481 526 455 646
"g5254" 335 332 184 193 378 487 383 217 419 254
"g5255" 741 127 695 800 199 165 1054 215 226 334
"g5256" 65 25 49 31 34 56 95 34 48 65
"g5257" 13 19 0 9 2 13 20 11 45 20
"g5258" 544 174 163 339 282 413 743 313 281 93
"g5259" 1882 1548 1580 1617 1574 1775 1494 1132 2099 1834
"g5260" 577 312 444 412 421 217 735 422 304 407
"g5261" 35 25 6 9 20 33 15 24 23 16
"g5262" 45 68 54 31 76 41 71 22 73 51
"g5263" 1043 2047 1129 1588 1608 2079 1790 806 3434 1741
"g5264" 4 2 3 7 0 0 0 0 4 0
"g5265" 42 1 30 33 21 40 51 46 58 35
"g5266" 226 100 154 164 126 183 203 162 261 224
"g5267" 0 9 0 0 0 2 16 0 0 4
"g5268" 11 0 7 11 2 1 6 15 15 2
"g5269" 402 175 227 495 129 241 364 332 500 554
"g5270" 4 0 4 15 7 14 0 1 3 7
"g5271" 0 4 2 9 18 6 23 21 10 33
"g5272" 76 71 20 106 133 63 122 71 53 32
"g5273" 633 588 441 597 711 648 786 610 883 695
"g5274" 7 2 2 3 5 4 5 6 5 4
"g5275" 40 56 36 26 21 23 56 33 22 29
"g5276" 36 8 6 0 17 7 52 13 3 20
"g5277" 1 4 2 2 4 1 1 0 2 0
"g5278" 864 1153 2744 698 870 513 460 1335 553 660
"g5279" 176 86 59 107 55 51 84 42 87 130
"g5280" 3246 3288 7466 1400 4229 4251 4023 1947 8149 3237
"g5281" 1948 1226 1125 1234 2294 1303 2010 1578 1997 2689
"g5282" 48 65 39 120 34 33 190 111 22 98
"g5283" 12 7 22 24 3 3 25 2 4 11
"g5284" 38 0 12 23 66 3 41 10 1 0
"g5285" 57 59 23 46 77 4 52 69 232 324
"g5286" 25 35 17 12 12 15 33 14 37 25
"g5287" 1 3 0 0 2 3 0 0 2 3
"g5288" 597 1329 1409 1108 3029 896 3438 1951 3510 1643
"g5289" 67 8 24 36 40 50 79 44 86 40
"g5290" 421 284 605 364 283 256 335 517 836 210
"g5291" 1381 1039 2125 1168 1631 1263 1686 1375 3522 2085
"g5292" 497 319 375 580 382 410 679 604 479 367
"g5293" 555 410 172 433 601 474 346 393 572 283
"g5294" 29 4 1 0 17 3 33 10 4 18
"g5295" 412 263 213 451 228 226 320 260 387 289
"g5296" 318 479 475 500 483 541 312 302 250 337
"g5297" 0 1 2 10 7 3 2 16 8 5
"g5298" 198 250 137 127 358 135 232 221 332 163
"g5299" 5 3 4 6 1 3 3 8 3 3
"g5300" 4516 2863 5884 2332 4237 2734 2491 4668 2429 3628
"g5301" 1560 1271 1143 1150 2128 1489 1106 1749 2294 2894
"g5302" 1891 778 1010 575 629 833 1969 920 1119 1232
"g5303" 462 320 329 273 315 213 432 265 498 288
"g5304" 339 261 282 527 236 210 383 381 280 99
"g5305" 674 372 639 846 628 305 745 267 470 525
"g5306" 2945 2084 2239 2881 2951 3531 3181 2075 3213 2494
"g5307" 526 294 204 261 340 357 474 514 469 433
"g5308" 366 584 602 391 744 496 612 370 313 347
"g5309" 1226 5294 3289 8203 3493 14407 4481 3344 2398 3051
"g5310" 64 77 47 45 27 39 60 32 82 94
"g5311" 19 12 24 74 28 14 74 34 53 16
"g5312" 865 425 630 1643 654 642 1576 899 523 2101
"g5313" 131 147 44 1260 211 118 300 465 49 664
"g5314" 819 414 574 544 594 685 1154 557 1290 681
"g5315" 0 4 1 2 3 1 1 0 5 5
"g5316" 794 532 941 764 983 676 915 706 936 345
"g5317" 2 1 2 4 3 0 0 1 8 1
"g5318" 180 178 173 144 209 170 206 229 105 148
"g5319" 56 7 12 1 3 9 47 13 16 1
"g5320" 223 463 69 6 70 87 336 2 14 83
"g5321" 198 99 136 176 94 87 121 52 234 131
"g5322" 6 18 18 1 28 3 19 10 48 16
"g5323" 406 268 342 270 388 332 565 409 436 554
"g5324" 29 22 14 35 24 16 16 12 30 166
"g5325" 4451 4091 2973 3226 3463 4179 4191 2756 4568 4428
"g5326" 644 776 496 434 415 495 682 348 481 802
"g5327" 87 44 2 25 37 53 66 46 39 45
"g5328" 2157 1795 2018 2111 1857 1197 2745 1702 1929 1758
"g5329" 91 65 44 39 42 58 50 51 92 58
"g5330" 1921 1059 678 1035 950 1314 2452 930 1906 1337
"g5331" 362 323 470 439 416 331 597 341 757 308
"g5332" 1 0 0 9 4 4 7 1 4 15
"g5333" 0 1 0 3 3 1 1 0 2 1
"g5334" 3193 2125 2774 3236 1830 1977 3238 4265 1400 1667
"g5335" 1 1 1 2 6 0 8 0 5 0
"g5336" 1030 771 880 793 1043 648 1517 921 1478 1272
"g5337" 396 380 463 479 409 296 706 341 573 398
"g5338" 5589 2409 1188 2574 3714 2766 5645 3476 5395 2197
"g5339" 1318 1563 705 963 1359 1347 856 575 1485 1006
"g5340" 2428 1634 494 384 1166 2180 1100 813 2117 1364
"g5341" 188 39 118 51 79 97 235 62 66 84
"g5342" 35 39 26 43 58 44 40 28 76 25
"g5343" 1 0 27 2 4 17 0 2 0 0
"g5344" 47 61 119 130 36 115 323 167 120 92
"g5345" 31 4 41 43 48 23 86 44 41 25
"g5346" 114 77 38 65 66 64 116 93 114 50
"g5347" 93 168 148 151 87 88 129 121 219 77
"g5348" 863 722 1495 1228 1646 738 1313 952 1349 1270
"g5349" 10 4 13 12 33 20 14 20 19 14
"g5350" 6 3 1 4 0 10 7 6 18 5
"g5351" 15 3 7 6 2 6 1 19 13 3
"g5352" 2 3 4 5 1 2 0 5 4 8
"g5353" 634 243 416 185 549 389 536 335 540 484
"g5354" 914 582 556 1127 1470 474 1720 893 632 601
"g5355" 4 7 0 3 0 0 2 0 14 14
"g5356" 14 8 2 1 0 0 5 15 14 4
"g5357" 893 656 911 1024 574 2001 870 637 771 417
"g5358" 2786 2670 2815 3151 4105 2880 3916 1984 4762 3765
"g5359" 3800 1919 2540 5296 2973 2809 6210 3008 2424 4297
"g5360" 31 33 34 24 11 13 87 45 44 23
"g5361" 29 4 12 0 23 7 22 4 33 0
"g5362" 1 2 2 1 0 3 3 5 0 1
"g5363" 7926 4470 2060 2359 4224 4964 6609 4795 5269 5686
"g5364" 2 7 6 12 2 4 32 22 39 3
"g5365" 137 43 98 76 87 51 150 128 78 45
"g5366" 109 114 127 138 118 106 75 72 142 125
"g5367" 66 107 30 186 417 184 921 343 170 71
"g5368" 1 0 3 5 9 4 6 0 8 1
"g5369" 0 0 2 2 1 0 1 0 4 0
"g5370" 11 10 15 13 14 10 22 24 8 11
"g5371" 981 707 418 981 853 393 881 507 1510 1531
"g5372" 153 203 133 230 257 169 385 194 88 122
"g5373" 126 283 190 123 1 202 349 16 1 362
"g5374" 70 72 19 61 106 113 69 30 318 68
"g5375" 8 11 22 4 12 0 40 7 10 0
"g5376" 0 5 3 0 23 22 13 1 10 1
"g5377" 2 11 11 1 7 6 5 0 3 1
"g5378" 4 3 12 12 2 4 14 2 12 1
"g5379" 939 513 881 385 517 486 980 562 588 615
"g5380" 408 388 338 454 364 603 1057 418 703 555
"g5381" 6 9 5 2 4 3 4 0 7 2
"g5382" 12 27 6 32 17 28 5 7 14 4
"g5383" 13 27 12 0 2 0 63 25 0 5
"g5384" 1617 1339 1301 679 1285 2470 2793 1311 1013 4357
"g5385" 70 82 50 73 108 50 60 88 50 51
"g5386" 10 9 4 24 12 8 26 10 20 7
"g5387" 7434 7652 7186 9263 9543 8053 7698 5813 8409 5040
"g5388" 1128 824 912 582 796 583 1012 581 685 470
"g5389" 13 3 9 2 3 7 4 12 8 8
"g5390" 1044 442 144 713 654 346 1304 542 1087 819
"g5391" 49 28 40 23 35 20 73 6 48 21
"g5392" 129 165 147 173 179 182 96 118 293 225
"g5393" 8 1 15 166 0 64 175 64 671 392
"g5394" 1 4 2 6 2 0 3 4 4 3
"g5395" 22 7 5 10 16 17 44 10 17 11
"g5396" 1507 1487 305 647 826 1296 740 428 510 665
"g5397" 28 10 17 22 31 16 58 16 21 16
"g5398" 103 99 119 143 108 117 228 110 160 157
"g5399" 275 147 217 154 122 133 117 125 184 233
"g5400" 6 12 6 2 10 7 15 2 5 6
"g5401" 446 215 275 206 314 153 497 390 200 197
"g5402" 1617 1134 1135 1593 1241 1132 1672 1265 1712 1544
"g5403" 16 12 6 24 28 13 21 10 13 12
"g5404" 984 1210 443 582 1249 864 1070 592 1300 957
"g5405" 3 6 5 4 1 1 4 4 5 5
"g5406" 4 4 3 7 9 7 15 7 3 5
"g5407" 87 71 69 82 76 69 153 23 76 28
"g5408" 0 0 3 86 46 0 116 14 0 27
"g5409" 323 334 233 181 445 125 410 452 202 320
"g5410" 415 76 181 131 491 196 395 220 159 343
"g5411" 2 23 8 1 6 22 1 3 12 7
"g5412" 9 193 41 58 1 56 51 48 20 0
"g5413" 47 33 55 14 17 30 48 65 48 33
"g5414" 76 76 33 25 14 64 21 54 63 109
"g5415" 88 38 47 56 98 52 41 38 79 139
"g5416" 448 636 1222 831 536 792 781 836 1769 916
"g5417" 7510 6704 10089 9371 9534 8525 18623 7158 12685 10332
"g5418" 2 2 4 1 0 1 2 2 2 1
"g5419" 1597 1129 1136 1339 1638 2640 1567 1213 1067 1220
"g5420" 234 86 87 288 173 228 355 225 188 311
"g5421" 19 14 17 40 14 58 19 16 36 19
"g5422" 657 383 402 320 558 431 824 420 692 695
"g5423" 1 4 244 16 186 467 160 61 166 13
"g5424" 4 0 3 9 14 2 14 11 29 0
"g5425" 24 31 12 20 17 5 37 13 12 27
"g5426" 713 944 866 1068 776 702 1138 591 1251 799
"g5427" 95 17 3 27 3 21 46 56 105 54
"g5428" 2815 2994 492 1170 3900 1782 1093 3184 13639 693
"g5429" 376 290 307 232 297 277 475 190 420 382
"g5430" 88 73 64 81 81 50 57 51 93 30
"g5431" 791 257 407 415 216 480 407 249 541 374
"g5432" 533 345 662 565 512 348 672 364 491 369
"g5433" 879 368 652 654 574 567 989 306 628 603
"g5434" 552 467 444 317 369 425 391 360 484 728
"g5435" 17 38 52 77 5 117 10 9 37 45
"g5436" 3 8 5 2 1 3 0 16 7 2
"g5437" 17 52 30 45 90 32 107 24 26 30
"g5438" 1 13 1 6 4 25 1 3 5 3
"g5439" 26 23 13 20 17 17 17 25 27 24
"g5440" 4125 1929 3065 2213 2686 2060 4240 3441 2785 3583
"g5441" 1830 1242 1124 1323 1056 1132 2849 865 1803 1502
"g5442" 2193 1941 1688 3168 2009 1782 3526 2084 2713 2810
"g5443" 12 8 5 9 2 4 11 7 10 7
"g5444" 9 36 27 46 28 29 31 31 52 81
"g5445" 337 146 181 139 181 290 307 357 396 381
"g5446" 300 4 0 1 2 125 26 52 128 7
"g5447" 155 20 14 57 40 41 66 93 49 69
"g5448" 0 7 1 11 1 0 5 1 8 0
"g5449" 4333 6197 3601 5188 6967 9471 11007 9912 4104 7558
"g5450" 95 19 82 31 31 27 199 83 10 153
"g5451" 3130 2001 2812 5027 2005 2296 3479 2991 3313 4694
"g5452" 636 175 278 135 257 200 83 167 273 361
"g5453" 102 54 49 149 85 103 124 57 126 80
"g5454" 109 1049 167 192 415 101 545 35 242 38
"g5455" 202 50 121 104 125 81 132 214 108 188
"g5456" 475 336 171 277 494 459 742 310 184 391
"g5457" 20 42 31 14 25 39 29 16 29 47
"g5458" 28 5 11 51 3 9 15 7 38 20
"g5459" 49 67 49 32 139 111 106 181 71 38
"g5460" 184 132 130 95 140 126 169 142 126 204
"g5461" 114 50 90 71 97 55 123 52 85 84
"g5462" 0 3 3 9 2 6 2 0 6 4
"g5463" 1249 951 1038 1292 1774 1173 1753 782 1804 688
"g5464" 72 58 36 15 100 47 151 64 41 113
"g5465" 213 153 179 167 267 120 183 179 257 205
"g5466" 118 90 84 107 83 132 99 59 226 91
"g5467" 15 14 14 9 7 12 23 8 15 19
"g5468" 2867 2030 1863 2055 1242 1062 2073 1778 2845 1358
"g5469" 9 0 0 0 58 0 0 4 4 38
"g5470" 143 68 78 44 90 78 169 45 55 177
"g5471" 298 260 222 276 238 193 302 204 384 348
"g5472" 727 669 748 953 712 679 1042 511 1083 654
"g5473" 642 449 459 520 646 464 564 390 581 375
"g5474" 7680 4281 4027 8667 5816 6273 9160 2719 8728 9322
"g5475" 41 14 26 19 21 12 25 34 23 26
"g5476" 179 74 82 23 122 58 390 128 47 377
"g5477" 11 2 6 0 63 5 1 20 4 0
"g5478" 163 190 273 170 313 147 185 302 129 306
"g5479" 1977 730 681 779 1160 927 683 1478 1765 782
"g5480" 501 877 465 338 697 505 564 213 453 472
"g5481" 1389 1463 443 1309 1591 847 708 700 875 935
"g5482" 228 225 201 169 115 218 217 240 185 180
"g5483" 35 13 20 20 16 42 64 67 49 41
"g5484" 541 229 162 293 227 97 530 152 232 307
"g5485" 31 15 0 11 3 1 25 1 0 11
"g5486" 102 113 51 66 116 81 166 106 194 84
"g5487" 351 228 55 235 176 172 223 203 152 211
"g5488" 3772 3826 1964 5413 2670 2626 5702 3061 5501 5318
"g5489" 4 5 7 14 19 6 23 22 20 15
"g5490" 718 590 5 269 1192 320 546 321 107 53
"g5491" 35 135 52 62 141 42 148 113 122 98
"g5492" 12 4 3 9 1 1 3 6 1 9
"g5493" 15 16 14 25 38 19 25 35 28 19
"g5494" 618 388 477 541 607 431 540 388 905 570
"g5495" 10 2 3 4 0 0 5 3 5 0
"g5496" 528 451 445 657 598 514 698 361 843 477
"g5497" 1428 598 255 246 1211 1497 1992 549 895 909
"g5498" 558 484 377 333 167 356 457 269 423 308
"g5499" 10 0 701 1391 166 1064 595 165 33 98
"g5500" 2765 991 1718 1094 896 1328 1893 1984 2017 1479
"g5501" 3397 3740 2776 2860 4208 2418 5503 4940 8809 4877
"g5502" 3546 2283 3063 2794 2425 2117 4684 1969 2951 2628
"g5503" 6835 173 2609 551 2463 1228 1835 2585 325 1189
"g5504" 203 128 196 167 232 154 311 212 254 241
"g5505" 239 142 149 378 182 218 410 259 313 184
"g5506" 122 172 72 254 97 259 178 244 269 102
"g5507" 112 53 263 199 74 138 374 116 160 347
"g5508" 2 5 6 1 2 9 1 6 0 2
"g5509" 311 347 207 339 221 255 363 309 466 414
"g5510" 297 353 438 329 201 279 379 319 569 416
"g5511" 1 13 2 3 10 3 8 2 6 0
"g5512" 115 79 145 139 131 192 122 112 183 157
"g5513" 1665 599 968 878 617 1720 1385 1465 3139 830
"g5514" 378 352 226 320 361 212 330 317 441 249
"g5515" 36 78 39 59 57 58 61 93 36 44
"g5516" 3 7 4 6 8 2 7 11 5 1
"g5517" 101 83 248 110 132 185 279 181 185 109
"g5518" 3 5 6 2 4 6 3 3 6 0
"g5519" 323 315 292 166 220 200 222 462 896 261
"g5520" 1045 900 746 981 927 1022 1491 953 1377 1003
"g5521" 23 8 12 18 10 26 21 17 4 5
"g5522" 206 67 63 77 119 68 180 166 140 64
"g5523" 5325 2402 3750 4933 3789 2756 6061 3051 3958 3956
"g5524" 2618 979 4519 3292 3099 3011 3135 1589 2730 3173
"g5525" 1408 1021 1242 1061 605 641 940 1580 1119 1261
"g5526" 690 358 577 413 455 623 740 495 754 672
"g5527" 1443 1066 1086 1162 1211 1388 1301 1411 1898 1633
"g5528" 3 2 4 3 3 8 1 2 7 5
"g5529" 6 9 0 7 1 5 2 2 2 18
"g5530" 732 752 935 819 921 1014 927 1181 918 922
"g5531" 766 430 294 345 245 309 446 360 734 379
"g5532" 1122 603 559 508 1022 961 1619 617 1220 1469
"g5533" 64 42 21 30 58 41 109 48 33 40
"g5534" 198 188 99 302 159 239 339 212 310 139
"g5535" 84 90 164 43 42 13 73 57 89 77
"g5536" 2364 1564 2893 2145 2010 1960 3412 731 1750 2842
"g5537" 16 4 1 16 15 7 3 2 2 3
"g5538" 1486 1036 945 1823 2433 2772 2486 2143 4433 1911
"g5539" 151 126 86 193 233 146 146 227 307 165
"g5540" 2 4 0 1 0 2 0 1 6 3
"g5541" 10812 4354 10407 9951 8176 8568 7891 11589 10141 8947
"g5542" 1 11 1 6 0 24 3 2 4 5
"g5543" 81 54 81 73 45 130 30 47 78 39
"g5544" 3 2 1 0 2 2 0 15 2 4
"g5545" 10 1 4 3 3 5 4 4 14 4
"g5546" 5 11 0 16 12 0 15 13 2 3
"g5547" 1 0 2 1 0 4 3 1 3 1
"g5548" 46 12 8 3 51 4 9 20 9 40
"g5549" 44 1 9 9 0 17 1 26 15 16
"g5550" 0 1 0 0 0 0 0 4 2 0
"g5551" 7460 4732 6490 5016 7489 6389 12344 6171 8404 3860
"g5552" 63 123 52 106 113 144 146 79 179 143
"g5553" 106 17 45 7 10 7 37 23 14 9
"g5554" 106 29 1 107 76 12 22 67 14 93
"g5555" 29 13 34 27 23 28 24 15 23 35
"g5556" 13 9 12 14 10 12 29 24 15 16
"g5557" 1055 533 580 850 814 829 1117 602 570 795
"g5558" 202 321 169 394 188 164 797 230 440 139
"g5559" 29 11 19 11 13 13 76 4 53 43
"g5560" 60 32 32 22 105 20 56 7 87 38
"g5561" 45 18 16 17 43 29 26 46 82 19
"g5562" 4668 3601 1707 2629 3179 2447 5016 1711 5448 2479
"g5563" 38 1 8 1 19 15 34 32 50 4
"g5564" 3 0 3 1 1 1 27 8 27 0
"g5565" 61 62 41 35 49 47 30 42 61 41
"g5566" 49 26 50 62 49 32 83 59 68 53
"g5567" 6898 1082 2925 791 2247 1711 2614 3858 2602 5179
"g5568" 164 116 89 209 69 99 68 71 283 278
"g5569" 19 3 6 54 7 55 0 4 96 7
"g5570" 20 19 12 6 11 5 13 11 6 23
"g5571" 28 59 60 99 35 67 122 92 48 75
"g5572" 29 5 17 43 18 9 82 40 65 27
"g5573" 2691 2029 1332 1259 1884 1363 3212 1983 1713 2313
"g5574" 12 19 20 16 25 17 15 11 8 10
"g5575" 1889 1065 1022 594 519 647 1761 1185 1367 1061
"g5576" 1765 1698 2565 1046 2340 1466 2141 2859 1366 1859
"g5577" 34 68 58 56 63 59 66 61 32 70
"g5578" 1776 887 1235 1970 1616 1303 1198 1295 1237 1729
"g5579" 2 0 0 1 3 0 7 7 4 2
"g5580" 83 86 57 55 67 126 130 69 98 93
"g5581" 255 164 235 329 224 143 373 187 588 217
"g5582" 9 4 5 3 1 1 6 5 3 3
"g5583" 0 4 4 0 0 14 0 1 1 1
"g5584" 263 227 220 197 200 224 363 154 324 252
"g5585" 4154 2388 1772 2138 3148 2277 2803 1563 3269 3090
"g5586" 16 18 12 30 23 23 29 12 13 9
"g5587" 1277 1395 2635 1548 1786 3033 1578 239 1874 1810
"g5588" 59 46 36 77 31 52 40 34 119 60
"g5589" 876 783 572 939 680 667 1124 766 939 1058
"g5590" 3925 4059 1976 2066 3569 2427 3165 5031 5290 6244
"g5591" 126 63 22 47 33 97 74 132 114 64
"g5592" 33 30 26 60 44 43 34 64 76 77
"g5593" 4681 3404 7493 3962 5808 4638 4169 2914 4003 7607
"g5594" 139 78 79 65 83 62 109 88 163 93
"g5595" 80 16 36 8 51 28 155 62 6 27
"g5596" 2 3 1 3 2 2 3 0 0 1
"g5597" 102 122 81 72 57 115 192 100 179 127
"g5598" 0 0 1 1 32 63 0 27 51 3
"g5599" 59 16 110 602 17 142 280 192 1096 82
"g5600" 201 80 121 254 82 54 47 118 65 484
"g5601" 0 0 0 2 0 1 3 0 0 0
"g5602" 398 205 274 335 345 206 371 393 589 304
"g5603" 1258 170 510 303 397 357 1286 358 381 489
"g5604" 149 50 167 76 74 134 83 78 150 121
"g5605" 108 107 103 109 75 76 211 73 117 107
"g5606" 3390 2239 1136 2460 2318 2150 2987 1524 2098 2450
"g5607" 2691 1470 1154 440 1748 1007 915 688 1651 2608
"g5608" 612 480 850 243 505 299 312 289 756 508
"g5609" 669 148 499 429 618 373 533 548 395 280
"g5610" 91 52 182 270 10 167 177 203 131 179
"g5611" 3 4 1 11 4 11 7 6 1 12
"g5612" 1068 971 925 747 1779 590 2831 846 836 794
"g5613" 4 1 0 24 4 14 173 5 220 0
"g5614" 0 0 1 0 1 7 0 1 22 3
"g5615" 1248 1108 190 1253 1897 820 1360 1349 2190 3209
"g5616" 127 141 136 103 112 117 174 171 175 108
"g5617" 5 62 0 0 36 9 40 19 51 17
"g5618" 1944 1617 862 1812 1974 1307 3217 703 1950 1353
"g5619" 7 12 0 2 7 0 3 11 0 8
"g5620" 1593 430 544 834 242 946 846 598 334 501
"g5621" 264 686 409 100 240 74 472 219 593 128
"g5622" 8 2 4 4 3 6 7 1 4 6
"g5623" 36 15 24 31 60 37 57 37 59 49
"g5624" 351 449 276 1281 975 116 864 292 390 293
"g5625" 11 8 8 12 4 15 15 14 13 13
"g5626" 25 4 30 26 87 27 40 53 9 34
"g5627" 3002 1537 1879 2395 2298 1609 2334 2391 3273 2643
"g5628" 3586 2035 1833 3687 3277 3201 3719 2690 3949 3346
"g5629" 602 661 518 657 936 356 679 565 650 753
"g5630" 4374 1658 843 1268 973 2009 3260 1442 1195 1085
"g5631" 93 60 61 64 76 86 92 101 119 88
"g5632" 250 181 168 194 158 166 285 265 298 184
"g5633" 773 608 544 553 640 554 758 539 762 612
"g5634" 48 62 164 99 76 187 133 89 273 143
"g5635" 21 16 34 23 6 45 43 24 24 31
"g5636" 857 582 617 586 529 478 1269 1192 1133 641
"g5637" 12 34 0 0 0 7 0 0 5 0
"g5638" 3898 4318 3512 2968 3080 4370 10246 3927 8125 5165
"g5639" 308 197 360 594 281 411 660 747 808 618
"g5640" 30 38 42 18 47 33 91 10 32 51
"g5641" 4 1 10 4 1 11 11 0 8 4
"g5642" 112 5 42 37 63 7 46 27 306 25
"g5643" 416 225 354 642 818 479 752 397 978 407
"g5644" 643 390 381 513 532 670 750 621 814 496
"g5645" 360 577 852 1274 1077 744 1388 868 1295 434
"g5646" 18 5 10 58 11 13 34 30 43 168
"g5647" 2168 1304 2248 2897 805 1244 3336 2959 1841 2851
"g5648" 2739 3013 3066 3309 3705 2684 3636 3078 4992 3081
"g5649" 5 3 5 4 4 1 5 3 2 9
"g5650" 25 64 32 35 71 21 57 29 39 16
"g5651" 119 89 307 335 266 681 734 156 328 35
"g5652" 29 62 34 17 23 9 15 30 25 2
"g5653" 4 7 7 11 9 6 6 2 6 6
"g5654" 28 33 13 18 48 30 33 42 40 24
"g5655" 15 15 8 2 4 8 11 11 13 17
"g5656" 0 24 0 2 0 4 0 22 5 0
"g5657" 277 358 306 258 374 443 672 286 223 352
"g5658" 0 3 3 0 0 2 5 1 1 4
"g5659" 1298 1549 1475 1780 2172 1699 1840 1821 2547 1440
"g5660" 404 227 326 253 270 312 724 420 703 572
"g5661" 1 2 5 5 1 5 11 2 3 2
"g5662" 1042 602 381 877 591 1106 1445 568 435 1133
"g5663" 925 586 1050 757 956 555 1733 701 884 837
"g5664" 108 116 110 183 115 239 185 141 110 155
"g5665" 707 736 1165 539 131 345 775 674 43 460
"g5666" 1 2 1 2 5 0 5 11 0 2
"g5667" 2810 4856 1962 1511 2280 1767 6166 2855 2981 931
"g5668" 165 133 123 194 140 128 178 132 144 134
"g5669" 5555 2431 8057 3790 4312 5498 10776 4422 5816 7214
"g5670" 62 0 0 0 0 0 3 0 0 0
"g5671" 0 0 3 7 5 2 1 6 0 5
"g5672" 744 1167 902 853 918 868 1849 765 792 927
"g5673" 148 156 134 166 138 110 346 134 153 293
"g5674" 11 28 23 15 3 13 23 28 35 15
"g5675" 3 2 12 12 12 1 1 5 5 27
"g5676" 364 357 720 152 106 161 474 227 360 84
"g5677" 239 113 108 104 62 194 251 100 123 174
"g5678" 148 52 20 74 24 57 71 7 62 51
"g5679" 1794 1234 1416 1025 2604 1324 2335 1189 1390 1888
"g5680" 1387 1020 969 1039 598 1119 853 718 1565 947
"g5681" 14426 4383 12372 3789 2438 9863 4495 5038 6698 7337
"g5682" 300 184 158 134 208 153 407 195 210 330
"g5683" 3327 1538 2077 1856 2402 1398 2365 1670 3313 2285
"g5684" 429 374 272 202 322 167 389 525 758 331
"g5685" 8 13 117 104 95 60 46 16 112 53
"g5686" 3 0 0 2 5 1 3 2 20 1
"g5687" 9 3 4 11 6 3 5 6 2 3
"g5688" 48 72 70 61 42 48 71 48 69 65
"g5689" 94 322 29 110 104 23 14 224 256 39
"g5690" 1 0 0 0 0 1 4 0 3 1
"g5691" 9 1 0 5 6 2 4 5 0 10
"g5692" 773 520 490 1041 697 526 1067 206 691 448
"g5693" 23 13 4 15 12 30 19 43 29 19
"g5694" 72 59 41 117 87 69 172 141 135 101
"g5695" 102 47 56 103 74 51 96 97 133 62
"g5696" 311 299 322 320 331 278 424 322 231 286
"g5697" 334 114 560 292 304 288 689 289 317 829
"g5698" 38 55 15 30 27 54 134 32 36 76
"g5699" 26 35 32 64 45 38 56 30 27 38
"g5700" 390 180 266 173 468 151 358 220 258 311
"g5701" 22 12 6 12 21 21 24 6 44 7
"g5702" 4919 7067 4601 4019 14578 12224 13434 22985 12516 35171
"g5703" 102 76 32 106 74 60 100 60 146 82
"g5704" 11 0 19 4 0 4 16 0 1 0
"g5705" 471 254 236 466 803 352 703 409 682 311
"g5706" 627 212 231 124 36 88 191 118 196 285
"g5707" 165 204 166 86 271 112 173 139 427 125
"g5708" 3086 1342 1059 2051 1505 937 1531 1487 2126 1830
"g5709" 45 50 39 54 38 41 85 48 82 87
"g5710" 260 295 252 228 271 250 292 251 350 252
"g5711" 1666 1196 1241 1088 1130 1322 1314 1590 1511 1084
"g5712" 16 8 2 5 2 8 12 12 5 2
"g5713" 773 248 342 438 743 533 442 890 993 444
"g5714" 5 4 5 5 6 3 7 13 14 8
"g5715" 1 1 2 2 1 8 2 5 1 7
"g5716" 6 5 2 2 2 0 2 0 1 2
"g5717" 508 319 184 253 162 169 633 179 410 507
"g5718" 95 85 90 95 97 91 110 86 173 66
"g5719" 477 666 561 656 599 313 673 399 613 813
"g5720" 121 84 109 100 123 142 133 152 184 143
"g5721" 7 8 6 7 2 2 22 7 10 8
"g5722" 227 255 249 166 136 272 160 175 222 213
"g5723" 0 1 1 1 1 3 1 4 5 7
"g5724" 1 0 1 4 1 2 3 1 2 0
"g5725" 21 16 16 13 7 9 17 9 24 26
"g5726" 23 1 2 6 30 71 3 13 15 23
"g5727" 375 230 310 252 495 549 622 234 587 338
"g5728" 5 2 3 11 12 14 10 2 13 7
"g5729" 331 326 194 411 206 260 338 378 368 282
"g5730" 8 31 32 0 252 502 5 5 34 5
"g5731" 6 28 13 16 15 15 24 23 17 7
"g5732" 1 0 0 2 3 1 0 1 6 0
"g5733" 5025 7763 3995 6323 5392 2179 12348 3265 6387 3458
"g5734" 13 10 47 23 27 11 26 35 71 46
"g5735" 185 55 275 98 100 226 386 51 310 145
"g5736" 22 33 11 124 839 154 528 136 957 303
"g5737" 9 3 2 6 3 4 6 4 5 2
"g5738" 24 18 4 7 15 12 14 12 14 8
"g5739" 20 29 43 41 33 52 56 48 35 60
"g5740" 1 1 17 30 38 2 3 3 1 5
"g5741" 33 54 3 49 158 262 108 14 29 41
"g5742" 1288 443 1102 865 679 392 626 544 1217 612
"g5743" 170 81 441 136 276 266 1451 365 1388 576
"g5744" 5 15 8 8 2 16 26 4 20 3
"g5745" 5490 5872 5799 6158 5262 11383 7908 5328 10429 9137
"g5746" 504 200 226 194 260 328 622 196 149 184
"g5747" 710 391 786 376 737 487 655 500 888 407
"g5748" 219 0 54 126 0 111 16 80 0 1
"g5749" 681 553 958 434 403 479 1089 507 1130 864
"g5750" 2 3 3 7 4 4 5 1 3 3
"g5751" 65 40 23 54 37 68 92 8 71 58
"g5752" 30 25 28 23 20 30 20 26 15 22
"g5753" 354 374 231 125 272 272 176 247 204 111
"g5754" 233 144 135 245 119 252 195 136 257 172
"g5755" 668 307 357 622 559 191 573 292 812 399
"g5756" 22 6 0 13 23 5 71 68 1 17
"g5757" 2353 1723 1631 2127 2535 1460 2695 1629 3115 2388
"g5758" 56 44 56 41 65 44 42 35 100 62
"g5759" 3 0 1 0 3 3 3 0 0 2
"g5760" 12 5 7 7 9 8 19 7 10 11
"g5761" 356 150 166 136 122 71 81 146 168 74
"g5762" 30 38 30 30 39 19 33 34 44 25
"g5763" 811 502 736 744 951 631 1391 928 790 591
"g5764" 150 176 153 95 182 64 206 62 248 105
"g5765" 0 4 0 0 0 0 0 1 2 0
"g5766" 3 4 10 1 3 5 17 3 0 14
"g5767" 12 4 5 4 4 4 16 6 22 16
"g5768" 27 21 21 28 19 13 43 17 32 22
"g5769" 28 18 8 12 32 16 10 16 27 11
"g5770" 13 28 8 29 27 16 23 13 17 14
"g5771" 12 10 0 24 6 6 2 1 2 0
"g5772" 21 8 5 1 7 2 13 11 17 13
"g5773" 46 44 61 51 78 51 37 77 66 87
"g5774" 6 0 7 9 26 12 6 14 2 6
"g5775" 278 9 198 781 570 62 994 147 542 299
"g5776" 4 10 9 11 2 4 4 4 8 5
"g5777" 6 1 2 5 1 9 2 0 10 5
"g5778" 958 679 634 855 894 649 1207 726 1024 1030
"g5779" 13 15 22 21 7 2 24 11 17 14
"g5780" 116 43 70 65 112 102 103 75 41 120
"g5781" 15 30 14 36 59 27 22 19 66 21
"g5782" 84 33 81 62 46 20 79 29 120 77
"g5783" 467 271 371 870 1042 700 1339 370 840 466
"g5784" 3 1 0 0 1 2 9 0 0 4
"g5785" 189 101 150 143 295 214 213 157 219 403
"g5786" 13 34 63 236 246 28 15 156 106 63
"g5787" 61 54 117 56 34 56 114 63 98 97
"g5788" 28 335 512 591 126 12 524 390 688 216
"g5789" 1348 510 602 527 817 1021 909 987 1404 2035
"g5790" 8 2 0 10 6 2 1 5 4 73
"g5791" 6 24 6 8 11 42 9 6 14 3
"g5792" 1 2 2 0 2 1 1 1 0 3
"g5793" 7 2 3 4 5 4 3 6 6 9
"g5794" 4 3 6 1 9 5 13 6 12 1
"g5795" 29 9 14 0 1 7 6 0 0 2
"g5796" 14 11 10 9 12 12 16 7 4 13
"g5797" 1570 872 1314 1451 1132 1464 3470 1989 3476 2659
"g5798" 3 2 5 4 1 7 10 8 3 2
"g5799" 3 2 0 5 0 2 4 1 4 5
"g5800" 112 103 151 68 53 108 242 66 168 211
"g5801" 1509 689 1034 1252 853 1034 1683 1271 1096 1229
"g5802" 1751 982 765 1455 1005 1198 1938 927 1682 876
"g5803" 9 0 3 11 13 2 6 5 2 2
"g5804" 17 3 16 20 21 14 70 18 19 25
"g5805" 17 27 17 12 34 11 24 41 10 33
"g5806" 0 0 3 2 1 4 2 0 3 1
"g5807" 58 69 0 11 14 3 13 32 1 70
"g5808" 3789 3634 3442 3324 3689 3033 3284 2365 4583 3476
"g5809" 60 51 48 29 37 40 52 25 44 29
"g5810" 1212 683 949 1144 858 693 1311 985 1406 1006
"g5811" 941 798 672 634 634 570 959 557 623 834
"g5812" 586 304 482 330 447 435 937 379 594 555
"g5813" 249 231 126 186 176 121 295 141 222 226
"g5814" 144 71 48 72 64 73 128 146 105 202
"g5815" 0 0 0 5 0 6 0 0 15 1
"g5816" 4 2 1 11 3 11 1 2 2 0
"g5817" 547 689 686 724 744 590 1250 730 753 829
"g5818" 592 242 417 307 442 435 622 491 467 420
"g5819" 2164 1394 1362 1321 1244 1157 1914 1251 1648 1667
"g5820" 5 5 2 3 3 8 4 8 4 6
"g5821" 883 763 782 1150 730 949 1279 631 965 880
"g5822" 22 44 23 28 2 181 81 6 10 54
"g5823" 101 70 88 70 35 73 72 92 186 82
"g5824" 3 3 1 1 4 1 4 2 0 3
"g5825" 2 1 8 28 10 10 11 4 5 4
"g5826" 216 225 160 317 274 178 610 281 774 392
"g5827" 60 61 65 38 97 96 90 36 83 91
"g5828" 6099 3255 5417 2840 3181 2349 10131 3098 6018 4976
"g5829" 17 0 5 19 0 1 4 0 0 0
"g5830" 20 14 30 26 19 13 34 21 35 28
"g5831" 6 3 5 3 2 0 13 3 18 14
"g5832" 607 769 617 751 776 504 768 688 961 936
"g5833" 10 26 0 6 11 16 18 9 19 13
"g5834" 33 15 22 53 36 52 61 72 54 75
"g5835" 63 18 114 79 64 85 57 33 22 112
"g5836" 723 352 255 426 579 318 395 483 628 569
"g5837" 1700 528 540 1132 926 739 1378 502 1015 630
"g5838" 79 23 32 29 70 29 48 37 86 41
"g5839" 196 126 157 55 164 94 225 169 170 82
"g5840" 104 85 98 166 129 64 76 53 162 112
"g5841" 3 2 0 5 6 3 5 1 2 1
"g5842" 1408 1025 930 3051 1387 1839 3368 1381 1831 1187
"g5843" 39 34 29 31 44 20 36 26 51 23
"g5844" 135 62 97 83 87 96 123 110 74 72
"g5845" 10 4 9 1 3 5 4 0 1 6
"g5846" 7 4 4 4 0 2 9 19 9 0
"g5847" 807 450 582 640 520 553 812 366 811 654
"g5848" 446 172 142 330 184 147 311 215 310 371
"g5849" 1206 287 816 648 796 1052 587 706 1537 715
"g5850" 88 48 40 60 29 77 69 33 37 30
"g5851" 715 159 327 879 313 160 306 1026 495 724
"g5852" 7555 3786 3954 4151 2282 4840 6537 3788 6052 5734
"g5853" 77 45 54 50 50 88 88 42 71 114
"g5854" 54 66 186 260 49 91 240 25 104 46
"g5855" 26 69 73 111 40 44 79 50 87 26
"g5856" 14 0 4 6 0 1 2 1 16 6
"g5857" 39 5 5 47 34 4 14 5 0 23
"g5858" 53 46 72 50 59 41 63 51 84 62
"g5859" 1246 1027 841 897 908 639 1023 940 967 794
"g5860" 16 22 16 12 10 18 18 33 38 49
"g5861" 66 24 36 31 50 30 69 14 72 30
"g5862" 165 31 51 24 53 211 67 75 35 27
"g5863" 0 4 3 3 1 12 2 10 14 2
"g5864" 53 33 5 0 16 19 28 1 60 22
"g5865" 431 248 274 408 355 396 510 314 414 366
"g5866" 3 8 4 3 6 1 5 3 2 6
"g5867" 3 0 2 0 0 1 1 2 2 0
"g5868" 51 15 25 247 307 54 277 26 49 83
"g5869" 365 142 171 206 191 234 259 276 236 270
"g5870" 5868 2530 1314 3275 3086 2437 5082 3431 2751 3426
"g5871" 3 2 0 0 1 2 1 0 3 1
"g5872" 6 3 0 0 0 2 1 1 4 5
"g5873" 37 16 25 18 35 19 64 25 27 36
"g5874" 101 127 90 162 156 97 249 110 244 229
"g5875" 2 1 0 2 3 2 0 4 3 0
"g5876" 43 43 60 121 41 72 32 26 55 39
"g5877" 814 341 556 537 523 380 723 534 641 445
"g5878" 660 73 228 382 1512 616 791 744 112 168
"g5879" 28 26 37 13 43 31 47 36 15 38
"g5880" 217 193 142 209 274 264 295 294 181 310
"g5881" 2 4 78 9 3 5 81 38 9 27
"g5882" 81 23 41 55 74 62 66 43 64 55
"g5883" 165 158 148 68 236 40 194 137 206 198
"g5884" 244 241 328 259 322 252 322 343 427 409
"g5885" 3 5 8 4 7 4 11 5 7 6
"g5886" 24 2 0 8 0 0 2 24 0 18
"g5887" 1 0 0 0 2 2 1 3 1 3
"g5888" 2 5 7 4 6 5 7 3 5 12
"g5889" 5 23 9 5 22 25 18 15 11 3
"g5890" 702 385 376 282 455 377 646 798 520 583
"g5891" 5 132 39 118 159 10 82 18 127 6
"g5892" 2 0 1 2 3 9 2 0 1 3
"g5893" 62 713 10 378 147 410 119 246 114 303
"g5894" 118 62 36 164 87 12 75 0 39 194
"g5895" 1 87 1 0 7 0 132 6 2 21
"g5896" 92 292 87 87 91 177 320 192 249 105
"g5897" 22 11 19 7 16 12 22 7 25 27
"g5898" 5587 5398 6250 6838 5342 4037 5925 6847 9047 8747
"g5899" 6 3 3 1 1 4 8 0 1 0
"g5900" 191 150 176 262 238 115 157 143 360 321
"g5901" 82 46 52 139 125 183 108 64 153 127
"g5902" 3 6 8 0 0 0 0 1 1 0
"g5903" 2796 1309 1466 1785 3244 1958 4967 3335 3425 3960
"g5904" 1509 854 1098 1103 982 1027 1350 960 1665 1063
"g5905" 16 19 23 12 16 42 0 0 13 12
"g5906" 11 13 3 13 3 10 17 6 7 7
"g5907" 27 36 58 40 45 17 11 20 37 44
"g5908" 210 78 29 131 44 135 91 78 101 153
"g5909" 436 344 349 330 448 450 645 492 723 347
"g5910" 0 0 0 14 1 0 0 11 0 0
"g5911" 4 3 4 2 4 1 2 2 4 1
"g5912" 759 628 546 557 486 727 904 610 897 882
"g5913" 8 3 20 9 4 3 3 5 22 10
"g5914" 1567 586 2796 1027 1225 1522 2027 2410 1384 2425
"g5915" 1398 745 1015 512 709 1013 1475 1013 1328 731
"g5916" 0 1 0 0 0 0 72 3 0 2
"g5917" 100 72 52 79 67 93 102 53 99 83
"g5918" 1165 1182 783 694 1126 1131 759 790 1181 1119
"g5919" 39 33 18 33 40 45 38 26 26 42
"g5920" 31 31 25 6 30 34 53 26 27 28
"g5921" 268 151 320 113 146 179 284 218 115 355
"g5922" 577 285 495 276 262 493 464 252 274 549
"g5923" 20749 6045 12585 16431 16267 5708 2988 9858 10974 10025
"g5924" 9 4 4 3 1 8 3 1 4 11
"g5925" 2423 1493 1654 1838 1907 1556 2569 2065 2340 2817
"g5926" 23 23 22 19 12 23 33 13 26 25
"g5927" 7 3 17 11 12 5 0 3 11 5
"g5928" 6 6 2 7 4 5 1 3 12 6
"g5929" 5 0 0 3 2 3 4 2 4 1
"g5930" 610 377 753 1045 542 563 1016 417 560 577
"g5931" 10 14 14 18 20 20 37 3 24 10
"g5932" 0 10 1 9 19 2 2 9 6 14
"g5933" 112 65 94 93 127 46 114 73 212 124
"g5934" 11 33 127 180 33 64 70 62 61 92
"g5935" 935 174 529 158 1328 279 601 310 77 231
"g5936" 2 95 119 103 153 232 170 60 80 103
"g5937" 618 431 364 297 391 258 842 245 472 327
"g5938" 37 19 22 25 28 21 34 26 42 39
"g5939" 1044 745 620 782 751 990 1779 713 1054 1091
"g5940" 540 180 689 471 467 196 280 282 846 1266
"g5941" 25 21 20 15 10 10 20 9 17 16
"g5942" 3079 2035 2965 3478 2715 2538 2686 2349 2742 3784
"g5943" 940 645 1328 516 532 724 893 313 878 561
"g5944" 158 65 94 38 120 122 130 63 118 114
"g5945" 674 377 830 297 363 506 585 564 721 496
"g5946" 1134 891 491 1846 628 435 706 814 525 93
"g5947" 9 5 6 20 19 2 14 10 13 15
"g5948" 13 7 4 10 12 10 8 7 15 12
"g5949" 4140 3706 3092 3586 4632 4089 5478 3912 3977 4931
"g5950" 1506 3411 1440 1748 3515 948 5169 2257 2686 1909
"g5951" 89 197 75 63 62 104 11 40 18 102
"g5952" 8 18 1 36 0 1 30 19 12 19
"g5953" 3572 2223 2094 2619 2510 2217 2990 1924 3363 2631
"g5954" 40 34 17 25 27 20 24 16 58 30
"g5955" 12 3 6 13 10 7 9 11 13 7
"g5956" 2 1 2 1 2 2 1 1 2 2
"g5957" 0 49 7 0 6 49 0 323 4 0
"g5958" 815 579 434 596 688 905 1154 701 1003 323
"g5959" 3 1 1 2 2 3 2 2 3 4
"g5960" 10 4 9 10 3 6 16 8 5 8
"g5961" 0 2 0 0 0 0 1 0 0 0
"g5962" 419 505 258 253 132 193 808 479 314 313
"g5963" 1 3 13 2 4 7 8 9 1 3
"g5964" 1 6 0 0 0 9 5 6 4 4
"g5965" 157 207 63 56 254 115 167 238 144 169
"g5966" 15 4 5 12 5 12 3 7 11 2
"g5967" 326 118 236 226 280 284 134 121 441 375
"g5968" 70 121 89 45 110 151 191 41 144 85
"g5969" 4 3 11 11 5 16 15 2 18 5
"g5970" 83 77 334 165 107 78 147 110 56 184
"g5971" 37 21 32 28 43 30 52 30 51 23
"g5972" 4 2 0 2 6 1 3 2 0 2
"g5973" 767 565 652 926 801 859 877 378 975 685
"g5974" 581 418 609 453 617 410 745 335 946 825
"g5975" 1187 717 905 779 937 978 1234 913 1274 848
"g5976" 11 3 12 8 3 28 4 6 5 16
"g5977" 4 2 4 12 6 11 7 5 11 13
"g5978" 74 40 41 90 50 57 80 80 80 58
"g5979" 72 47 36 25 19 33 37 20 92 39
"g5980" 6 5 10 10 4 10 21 7 7 4
"g5981" 0 3 4 2 6 1 8 9 4 7
"g5982" 155 253 215 72 133 256 137 61 327 157
"g5983" 92 74 86 156 60 46 198 136 77 55
"g5984" 2434 2327 1827 2896 1893 2620 3865 2745 2037 1013
"g5985" 93 113 80 121 131 66 138 54 74 46
"g5986" 1477 2194 1641 1524 3217 1544 2466 1088 1748 2316
"g5987" 59 40 41 60 48 75 82 82 53 72
"g5988" 9 2 0 3 5 3 0 1 5 4
"g5989" 2143 1038 829 957 1431 900 1201 811 1745 256
"g5990" 354 222 123 129 251 240 152 417 401 293
"g5991" 3028 2334 1781 1659 2021 2291 4824 1999 3329 2671
"g5992" 13 18 4 1 15 3 4 14 8 45
"g5993" 0 34 22 72 168 35 29 194 118 230
"g5994" 415 618 1189 644 660 804 986 1069 914 698
"g5995" 6 7 24 39 45 91 70 1 149 276
"g5996" 20 10 4 3 9 7 13 14 19 5
"g5997" 287 312 243 334 310 263 499 253 669 237
"g5998" 15 20 4 7 12 22 13 7 22 34
"g5999" 87 61 49 78 112 26 33 65 169 165
"g6000" 1298 1380 1706 1363 871 1618 2550 2822 1384 1965
"g6001" 20 106 47 2 88 117 26 43 305 160
"g6002" 1 2 10 22 1 5 0 10 0 6
"g6003" 4 4 1 0 0 2 2 5 4 5
"g6004" 6 21 22 19 30 43 35 22 58 6
"g6005" 20090 17162 14723 10273 14363 13574 25261 12234 25360 13979
"g6006" 1261 1111 977 473 621 596 994 410 1404 854
"g6007" 589 1031 906 1127 677 626 1503 1148 1183 844
"g6008" 27 12 31 86 55 33 204 65 81 29
"g6009" 35 12 2 12 9 7 13 20 4 59
"g6010" 5362 4218 1792 4426 6084 3073 2689 3298 7012 4837
"g6011" 5 2 1 5 3 1 6 3 2 5
"g6012" 31 15 40 39 53 39 31 24 82 33
"g6013" 20 21 38 24 13 15 92 71 13 15
"g6014" 50 40 27 43 24 53 55 21 35 41
"g6015" 1011 480 724 235 506 293 263 191 122 231
"g6016" 2139 1350 889 1206 1237 879 1898 996 2397 973
"g6017" 189 157 121 97 97 160 279 206 280 178
"g6018" 8 0 14 4 3 4 3 24 2 2
"g6019" 512 694 392 842 421 625 613 846 711 413
"g6020" 3 3 1 1 3 2 2 1 3 1
"g6021" 19 20 19 20 14 18 26 9 36 22
"g6022" 19 21 21 23 19 15 26 24 48 28
"g6023" 25 13 8 18 63 14 31 13 21 14
"g6024" 57 27 2 171 191 193 178 93 15 97
"g6025" 0 0 0 1541 0 2 100 0 0 0
"g6026" 0 1 1 1 1 2 0 2 3 0
"g6027" 1 3 1 1 3 12 11 2 0 4
"g6028" 2476 1442 1317 2184 1277 1888 2931 1752 4071 1540
"g6029" 202 149 151 156 175 194 274 146 244 167
"g6030" 5466 3686 3594 2910 3017 2966 5398 2632 3618 4504
"g6031" 232 456 268 252 350 236 359 261 314 224
"g6032" 3 13 20 10 6 0 37 17 88 38
"g6033" 361 301 222 351 308 306 655 327 347 479
"g6034" 42 50 38 92 67 33 58 39 73 22
"g6035" 35 76 23 45 96 19 47 40 300 85
"g6036" 203 275 252 189 166 308 375 218 329 125
"g6037" 179 322 249 166 96 34 180 216 366 286
"g6038" 47 0 28 0 8 9 8 22 39 36
"g6039" 0 60 2 3 4 22 75 51 42 56
"g6040" 966 846 1922 1576 900 1194 888 1048 1395 1414
"g6041" 142 162 125 127 153 103 180 87 235 150
"g6042" 450 394 427 124 380 634 441 432 777 629
"g6043" 16 3 6 12 7 4 16 9 2 8
"g6044" 267 267 612 379 743 81 186 277 730 675
"g6045" 770 412 424 336 412 452 663 363 529 589
"g6046" 16 6 6 5 6 4 0 4 0 10
"g6047" 1 7 0 4 1 7 2 15 11 4
"g6048" 564 311 343 455 368 337 762 579 391 275
"g6049" 767 725 509 811 473 641 799 364 565 842
"g6050" 613 419 417 404 359 281 795 389 696 526
"g6051" 256 44 51 50 90 98 154 124 109 57
"g6052" 4 0 1 8 4 10 2 2 3 5
"g6053" 9835 3877 15812 10085 18086 5956 9921 20130 3367 12543
"g6054" 1283 1218 1121 781 1068 1058 1107 911 1813 1413
"g6055" 33 5 7 6 0 18 20 6 1 4
"g6056" 41 3 0 0 5 7 11 3 5 7
"g6057" 106 160 178 181 212 184 214 194 222 181
"g6058" 1920 941 2187 1995 1624 2130 3270 1909 2973 1954
"g6059" 3 1 1 8 0 0 3 1 2 15
"g6060" 176 137 9 128 65 54 188 83 83 51
"g6061" 0 5 0 2 0 1 12 0 0 1
"g6062" 209 27 122 47 4 47 50 145 95 208
"g6063" 840 415 776 1986 1330 304 1387 968 1170 914
"g6064" 527 192 386 270 200 207 751 885 868 263
"g6065" 1505 1103 355 1301 1571 537 2957 609 1287 2553
"g6066" 19 11 15 20 11 9 15 6 20 20
"g6067" 451 440 419 408 478 492 313 368 941 544
"g6068" 5 1 8 3 0 0 3 1 4 1
"g6069" 187 96 103 261 62 29 89 329 254 44
"g6070" 22 18 10 27 23 6 11 7 19 21
"g6071" 12 10 11 3 24 3 20 9 7 10
"g6072" 40 82 19 1 31 10 37 97 55 66
"g6073" 1 19 16 0 7 5 14 10 11 11
"g6074" 723 619 522 424 485 358 777 397 855 693
"g6075" 549 327 204 287 268 269 794 427 461 669
"g6076" 60 24 43 58 41 85 75 96 86 53
"g6077" 188 182 80 83 148 10 242 38 88 35
"g6078" 105 42 250 85 268 17 20 41 39 15
"g6079" 1 3 1 4 2 6 0 2 16 5
"g6080" 3599 1514 2145 1953 1354 1717 2956 2017 2601 3387
"g6081" 6 6 2 7 11 1 4 10 16 4
"g6082" 4 2 1 1 1 0 1 4 8 3
"g6083" 471 211 950 396 106 117 872 61 87 315
"g6084" 1508 1228 1581 1555 1321 1516 2485 769 2566 2062
"g6085" 1634 1464 574 878 372 963 1089 839 904 716
"g6086" 0 0 2 1 2 0 1 2 3 0
"g6087" 4 2 2 0 1 5 0 0 2 2
"g6088" 4 17 1 1 1 58 60 8 31 19
"g6089" 2 0 3 1 3 7 4 1 7 2
"g6090" 3 8 0 12 7 33 20 11 26 19
"g6091" 400 242 192 327 301 290 400 243 419 255
"g6092" 678 278 526 701 400 461 679 462 528 428
"g6093" 57 28 45 53 150 100 215 132 150 49
"g6094" 4191 1907 1660 1545 2200 2466 3875 2130 2172 2720
"g6095" 19 41 19 5 11 13 27 42 64 29
"g6096" 2 0 1 1 0 1 1 6 5 3
"g6097" 40 82 14 63 58 50 59 18 44 17
"g6098" 1349 847 1084 991 935 1103 1543 1009 1051 1068
"g6099" 35 32 62 45 38 30 38 60 66 62
"g6100" 7 6 5 5 3 6 9 7 2 7
"g6101" 15 8 9 16 17 11 27 9 18 14
"g6102" 37 1 147 22 15 0 0 12 0 78
"g6103" 258 178 164 233 377 273 312 55 262 101
"g6104" 33 13 0 9 0 20 6 15 22 13
"g6105" 1211 1008 987 917 880 949 997 869 1073 1439
"g6106" 5 4 6 4 1 3 7 2 0 4
"g6107" 106 111 215 170 141 58 251 170 149 54
"g6108" 764 694 774 690 390 752 959 732 1027 672
"g6109" 42 23 16 31 23 22 48 40 39 28
"g6110" 10 96 56 19 96 59 156 35 109 244
"g6111" 1 2 0 0 4 0 5 4 0 0
"g6112" 1764 1060 1320 335 957 1231 462 1842 2325 799
"g6113" 5 2 2 6 6 5 0 0 4 3
"g6114" 142 34 83 139 52 7 221 4 80 88
"g6115" 13 41 9 16 16 18 10 22 19 24
"g6116" 3 1 2 2 1 6 2 1 4 3
"g6117" 32 58 46 49 111 55 62 75 92 63
"g6118" 425 414 216 176 306 181 455 213 614 437
"g6119" 1 2 0 1 1 3 2 3 4 0
"g6120" 3272 738 1914 1531 868 1426 2168 1177 2179 2597
"g6121" 0 6 5 22 6 3 15 41 0 13
"g6122" 1794 1260 1494 1625 1261 1363 2181 945 1582 986
"g6123" 0 0 1 1 1 0 0 1 1 1
"g6124" 4867 2139 2487 4072 5093 2924 5152 3704 5551 4503
"g6125" 153 122 95 125 163 132 266 163 173 121
"g6126" 304 540 132 901 1080 609 842 1399 606 2003
"g6127" 5 0 19 7 2 5 15 0 0 0
"g6128" 1049 801 788 836 769 811 1416 813 1496 881
"g6129" 597 226 275 222 324 255 418 410 467 417
"g6130" 403 146 559 333 384 335 387 652 528 432
"g6131" 4491 3630 1290 4399 1748 2544 5179 1783 5284 513
"g6132" 46 103 61 71 59 64 63 46 116 61
"g6133" 69 25 29 36 17 17 2 10 12 7
"g6134" 1626 1533 1492 1342 1003 1706 2631 1168 1832 1047
"g6135" 1811 689 1631 1042 1024 587 1541 1032 1439 994
"g6136" 152 130 70 71 75 51 104 91 138 152
"g6137" 862 614 578 737 861 751 966 824 972 824
"g6138" 1 0 0 3 0 4 2 3 0 4
"g6139" 323 211 273 168 398 352 313 337 467 409
"g6140" 0 1 0 11 0 0 6 4 5 14
"g6141" 190 321 267 347 197 193 523 168 302 154
"g6142" 235 221 207 567 533 176 662 253 436 582
"g6143" 6541 1483 2975 2542 4332 2015 3825 2427 8716 3992
"g6144" 3 2 4 0 0 5 2 2 4 0
"g6145" 202 308 223 167 162 434 340 229 181 110
"g6146" 186 251 31 101 98 112 168 119 522 91
"g6147" 89 24 175 39 421 62 74 63 111 94
"g6148" 219 229 376 27 117 265 647 208 135 173
"g6149" 1000 799 736 338 539 514 1015 296 1006 947
"g6150" 5 1 0 2 1 1 6 0 0 4
"g6151" 319 106 185 113 241 231 313 247 218 110
"g6152" 46 32 35 24 21 32 72 42 102 38
"g6153" 47 175 63 31 64 107 370 328 175 218
"g6154" 4 0 7 0 4 5 0 1 0 5
"g6155" 43 29 16 73 78 24 76 101 27 31
"g6156" 345 286 410 386 396 467 411 250 259 417
"g6157" 28 2 3 1 7 20 0 0 0 0
"g6158" 33 43 53 30 70 32 64 34 94 79
"g6159" 1203 764 684 1396 616 1037 1487 1370 779 723
"g6160" 186 68 155 140 319 67 123 148 387 243
"g6161" 4 5 23 1 10 22 53 4 50 51
"g6162" 310 7 202 85 150 256 193 47 4 269
"g6163" 5 2 7 0 3 0 4 4 10 2
"g6164" 25321 19249 11588 29058 14539 22472 31567 12296 20588 19342
"g6165" 2 6 8 3 4 5 0 1 16 2
"g6166" 7 11 24 19 24 23 92 63 7 40
"g6167" 2501 3270 4878 2304 3969 1710 1034 3644 4127 1561
"g6168" 158 117 120 141 127 155 308 86 218 203
"g6169" 25 6 3 7 6 4 1 0 4 3
"g6170" 32 10 15 67 10 17 21 7 13 46
"g6171" 229 302 280 264 462 465 375 742 633 519
"g6172" 16 9 7 8 12 3 13 8 7 5
"g6173" 46 44 31 57 30 47 94 12 28 23
"g6174" 5964 4448 5984 4824 4808 5691 5770 4672 7083 6109
"g6175" 2901 3183 1658 3600 2062 1869 2761 3747 5866 3136
"g6176" 58 87 75 7 78 38 220 38 257 125
"g6177" 8 3 6 4 4 8 7 0 11 2
"g6178" 2 7 3 9 8 1 8 4 11 47
"g6179" 92 39 42 75 72 61 93 57 130 61
"g6180" 85 76 54 55 73 75 97 68 119 53
"g6181" 10663 9403 13786 13389 10317 11396 28211 13526 12180 10205
"g6182" 181 110 107 95 60 174 285 57 132 65
"g6183" 24 39 13 36 24 46 72 37 43 46
"g6184" 3993 2372 2166 3023 3631 2509 3734 2789 3232 2735
"g6185" 567 380 407 562 669 674 617 526 741 587
"g6186" 9040 5564 11515 9004 9044 9880 19913 13190 10367 9376
"g6187" 17 12 15 14 44 9 15 16 15 1
"g6188" 6 10 2 0 0 0 0 0 0 2
"g6189" 66 38 47 47 66 70 124 61 49 80
"g6190" 143 75 69 75 54 98 208 94 129 137
"g6191" 739 174 210 136 166 157 576 657 359 310
"g6192" 1060 384 491 1391 1354 650 962 1808 1479 875
"g6193" 14 46 34 82 26 31 35 102 86 68
"g6194" 270 151 106 101 231 136 214 113 134 105
"g6195" 1515 749 1011 1139 1845 862 1033 1186 1610 1000
"g6196" 2 0 1 1 0 5 0 3 0 3
"g6197" 16 44 64 86 49 38 102 47 81 16
"g6198" 4 1 2 1 2 0 2 2 0 2
"g6199" 4366 2123 3624 2752 3723 7234 10059 6253 7566 3086
"g6200" 0 9 2 7 2 1 21 5 2 0
"g6201" 275 1661 793 487 1296 618 609 965 462 674
"g6202" 1426 823 531 1036 680 1428 940 904 1087 1151
"g6203" 539 528 889 926 737 149 2379 619 643 516
"g6204" 0 1 3 6 0 2 5 0 0 4
"g6205" 8 1 13 18 10 24 11 6 10 5
"g6206" 2788 2371 3034 3551 2515 1656 3761 2669 4368 3290
"g6207" 75 74 103 36 132 40 321 81 145 86
"g6208" 30 10 4 21 21 8 17 23 30 15
"g6209" 1423 434 599 736 1553 953 413 276 999 405
"g6210" 490 526 505 364 432 436 612 393 514 570
"g6211" 2244 1141 1045 1196 1673 2145 2838 2464 1143 1784
"g6212" 130 90 67 89 69 84 159 63 167 122
"g6213" 52 35 25 26 68 68 45 28 13 5
"g6214" 1 0 3 0 36 0 31 14 13 1
"g6215" 2393 2013 1674 2145 1986 2161 2932 2189 2940 2656
"g6216" 140 330 64 62 65 96 299 59 206 114
"g6217" 156 180 197 194 282 162 351 180 222 56
"g6218" 11 14 5 6 7 4 25 12 0 3
"g6219" 0 1 24 2 15 0 0 26 3 0
"g6220" 164 102 175 52 119 38 67 189 71 54
"g6221" 13 7 8 5 4 6 40 8 15 4
"g6222" 78 46 63 75 53 60 84 81 59 17
"g6223" 0 2 0 0 8 3 6 0 0 11
"g6224" 15 2 0 16 19 10 46 1 37 8
"g6225" 56 32 38 30 35 28 42 39 30 65
"g6226" 211 121 208 145 100 132 124 98 182 126
"g6227" 356 62 212 29 264 211 26 146 40 102
"g6228" 175 15 125 43 109 28 123 95 51 126
"g6229" 160 138 72 145 110 78 157 142 156 160
"g6230" 28 36 171 113 206 103 305 144 96 112
"g6231" 282 462 408 432 379 354 498 307 523 555
"g6232" 3 5 3 0 0 5 2 3 4 13
"g6233" 1357 780 1289 1229 1018 1566 2748 676 2186 1640
"g6234" 16 6 16 25 12 15 19 35 29 12
"g6235" 18 29 30 20 52 66 26 20 36 9
"g6236" 15 16 44 76 40 22 190 57 168 25
"g6237" 393 190 192 133 191 311 252 302 153 128
"g6238" 2 0 0 3 0 2 4 4 4 2
"g6239" 2195 1914 1804 2121 2498 1719 2337 1409 2446 1641
"g6240" 1287 1054 1351 1134 1156 1025 1914 832 1412 1299
"g6241" 49 66 6 31 20 28 101 73 54 25
"g6242" 71 3 401 76 108 28 3 1 43 3
"g6243" 1663 1746 1215 1746 1433 1519 2512 1331 1276 1121
"g6244" 1665 1082 963 1395 1377 1080 1464 1432 1411 1563
"g6245" 279 184 140 234 116 147 226 222 211 235
"g6246" 1 0 1 0 5 9 0 10 0 4
"g6247" 128 65 35 236 94 108 261 61 76 181
"g6248" 5171 5230 7199 6663 4323 7159 10451 10646 11114 4990
"g6249" 207 231 225 352 132 151 235 184 200 341
"g6250" 2658 2051 1814 3342 2525 2754 3084 2454 3084 3381
"g6251" 3 2 0 4 2 9 4 3 13 7
"g6252" 14 15 12 7 20 14 27 24 22 11
"g6253" 7 1 2 3 10 1 2 2 4 1
"g6254" 17 55 44 51 8 65 3 12 113 26
"g6255" 1294 1451 1163 1034 758 1009 1531 682 1209 1453
"g6256" 118 17 5 63 38 4 160 160 212 42
"g6257" 196 137 80 193 166 81 279 117 211 183
"g6258" 334 331 184 176 155 93 94 133 248 353
"g6259" 148 5 37 145 45 38 51 75 133 68
"g6260" 73 294 369 300 442 304 301 366 783 282
"g6261" 619 220 957 834 917 399 706 1135 832 132
"g6262" 833 1093 973 1721 2337 1091 939 1815 1166 834
"g6263" 113 149 73 133 148 104 256 95 107 105
"g6264" 7 5 3 16 8 25 3 8 18 7
"g6265" 18 20 7 18 2 59 9 3 10 27
"g6266" 128 82 71 111 81 103 158 80 139 122
"g6267" 10866 7885 11123 12544 9009 9138 12024 6988 13216 5469
"g6268" 2958 1672 2150 1735 1654 1393 2158 2532 2012 1937
"g6269" 1465 1788 517 763 994 830 2142 909 1939 1520
"g6270" 273 326 311 211 329 489 671 352 344 183
"g6271" 840 892 711 442 522 283 1684 551 600 844
"g6272" 38 47 20 5 10 11 20 26 42 18
"g6273" 30 25 16 26 19 52 37 10 55 134
"g6274" 228 3 1 1 14 1 2 320 1058 498
"g6275" 80 32 41 56 52 48 63 45 43 70
"g6276" 840 672 648 543 585 632 301 436 964 781
"g6277" 3 3 0 1 2 1 0 0 3 0
"g6278" 19 12 13 19 10 15 33 20 43 24
"g6279" 10 40 25 12 25 47 131 46 42 73
"g6280" 3526 3003 2783 3390 2314 2618 4921 2659 3491 3633
"g6281" 268 366 174 256 321 259 291 247 292 174
"g6282" 5 0 6 0 6 0 1 2 1 1
"g6283" 243 161 179 181 223 211 276 179 237 261
"g6284" 9 12 0 0 0 0 2 0 0 3
"g6285" 68 63 58 12 65 133 159 34 23 218
"g6286" 0 16 0 61 995 26 136 102 38 0
"g6287" 303 267 322 401 238 274 383 432 325 316
"g6288" 5 1 9 10 5 5 1 3 5 22
"g6289" 6 13 20 13 2 10 28 7 10 5
"g6290" 107 92 84 77 197 62 95 146 166 133
"g6291" 1150 742 737 1024 1406 1243 2233 904 1700 1061
"g6292" 22 12 5 4 23 27 7 0 6 12
"g6293" 413 302 355 306 219 404 887 323 908 374
"g6294" 391 1120 1009 417 520 1116 704 734 168 387
"g6295" 7 12 5 2 11 19 5 8 51 43
"g6296" 248 219 329 145 81 84 49 82 382 182
"g6297" 271 679 729 833 358 761 697 459 519 539
"g6298" 351 1 80 187 66 160 2490 2780 24 718
"g6299" 1861 819 1131 2245 1063 1443 2979 1472 3630 1205
"g6300" 5 2 15 20 16 21 26 11 5 42
"g6301" 18 10 9 21 8 8 32 7 21 18
"g6302" 3625 540 1574 3007 690 2179 1436 1389 4544 1588
"g6303" 41 19 41 12 39 22 67 29 9 19
"g6304" 0 2 3 9 1 9 6 1 14 7
"g6305" 24 25 29 17 18 65 22 32 41 80
"g6306" 124 388 256 212 234 400 299 276 319 194
"g6307" 255 342 279 189 101 275 518 267 361 316
"g6308" 10282 8730 9881 6955 9700 8794 10562 6137 9810 6350
"g6309" 1283 1231 1158 831 1143 904 1548 1349 1700 735
"g6310" 3570 4163 4652 6516 2939 4912 5796 4185 6487 5161
"g6311" 168 188 192 309 346 179 838 228 784 306
"g6312" 2404 1479 2158 1975 1500 1876 1861 1632 1822 1702
"g6313" 1620 1047 1169 771 1191 769 872 734 837 954
"g6314" 5 3 4 8 13 15 4 4 4 7
"g6315" 773 1351 1018 1047 1264 815 1303 777 1351 1691
"g6316" 958 981 910 950 650 1053 1942 894 1559 807
"g6317" 239 171 110 153 120 137 206 127 106 183
"g6318" 509 340 251 487 283 224 1133 315 432 270
"g6319" 244 129 187 133 176 219 201 187 160 100
"g6320" 145 59 164 49 114 114 82 5 292 158
"g6321" 3 1 0 4 1 3 2 0 0 3
"g6322" 2235 2417 1510 2350 1763 2112 1724 1709 2532 3765
"g6323" 791 226 377 395 375 347 524 403 579 286
"g6324" 1350 2116 1409 1539 2282 2591 2953 1917 3285 1525
"g6325" 450 543 462 161 475 411 741 247 736 467
"g6326" 1245 1012 1322 1203 1015 1147 1545 1233 1901 1502
"g6327" 97 54 38 59 48 41 71 70 60 41
"g6328" 729 385 205 398 358 382 517 256 400 485
"g6329" 90 192 381 186 315 214 905 260 585 589
"g6330" 358 295 355 435 429 329 435 300 627 327
"g6331" 1273 1135 1340 1254 655 757 1137 1016 1946 1252
"g6332" 1 24 22 43 3 0 54 2 0 5
"g6333" 346 203 186 168 229 187 212 137 251 170
"g6334" 3400 4201 3370 2263 2759 3957 4856 2966 3294 2488
"g6335" 312 77 263 529 319 262 521 291 642 261
"g6336" 595 300 331 281 436 276 378 235 395 336
"g6337" 337 286 309 325 460 394 337 320 655 358
"g6338" 6 2 6 3 9 6 0 7 7 2
"g6339" 604 450 506 456 431 352 790 616 975 241
"g6340" 14 11 9 2 2 4 9 16 22 5
"g6341" 218 173 215 162 241 204 220 269 267 197
"g6342" 64 35 51 45 70 61 80 74 48 36
"g6343" 18 18 0 4 0 0 0 4 5 8
"g6344" 682 484 394 597 673 533 697 621 833 712
"g6345" 43 15 10 9 14 11 31 12 52 15
"g6346" 0 0 6 5 4 1 1 16 5 1
"g6347" 52 6 10 0 1 10 2 3 15 0
"g6348" 9290 6597 8138 6526 5183 5242 10415 5969 7531 8412
"g6349" 139 115 117 65 137 165 195 64 107 84
"g6350" 6 4 3 11 4 8 5 8 10 7
"g6351" 1193 334 1289 1002 1196 212 948 1697 2371 3136
"g6352" 569 569 469 264 677 507 560 277 526 442
"g6353" 171 250 200 208 250 194 404 198 517 326
"g6354" 1406 509 631 392 664 297 1380 452 642 543
"g6355" 0 3 0 6 0 1 2 0 0 0
"g6356" 12 25 18 25 38 36 52 39 27 21
"g6357" 79 57 53 77 154 90 130 93 116 79
"g6358" 465 322 112 422 315 385 440 104 450 287
"g6359" 5 6 4 3 1 7 17 3 8 12
"g6360" 5982 3897 5409 5663 5279 5491 4957 3669 7061 5436
"g6361" 7 6 15 3 13 6 4 4 21 2
"g6362" 3771 2515 2891 3557 3790 3283 5840 3330 5098 3664
"g6363" 3 2 1 2 1 1 2 1 4 5
"g6364" 433 322 397 515 741 316 1145 348 430 292
"g6365" 533 494 130 827 405 283 1223 396 1278 162
"g6366" 173 152 89 123 94 104 261 136 84 164
"g6367" 29 5 2 10 29 15 21 18 5 5
"g6368" 40 51 48 75 47 63 99 66 73 84
"g6369" 17 13 16 27 26 11 14 11 6 19
"g6370" 60 31 26 21 15 22 56 38 84 62
"g6371" 475 505 289 460 345 269 349 345 675 211
"g6372" 962 667 843 510 830 467 1161 628 1240 571
"g6373" 1067 841 1345 1182 1501 981 1677 1127 1621 549
"g6374" 1202 773 1504 670 787 812 1024 434 461 862
"g6375" 10 4 39 1 6 51 47 61 1 18
"g6376" 57 43 45 55 64 28 89 45 109 28
"g6377" 3550 2671 3998 2304 3362 2801 5475 3602 4012 2752
"g6378" 46 54 19 18 23 42 96 31 38 19
"g6379" 547 66 68 263 124 5 336 34 122 194
"g6380" 208 183 273 179 169 176 421 181 199 283
"g6381" 1 3 3 2 1 0 2 1 0 1
"g6382" 214 92 145 253 161 414 205 303 575 156
"g6383" 1764 989 1495 897 1468 1301 1532 1731 1691 1425
"g6384" 14 4 7 6 17 9 20 15 16 5
"g6385" 2 0 0 3 0 0 9 0 1 14
"g6386" 325 322 271 248 374 155 325 128 143 116
"g6387" 4172 2061 2300 3296 1877 1941 4359 3233 3922 2844
"g6388" 183 144 154 118 106 157 117 65 103 117
"g6389" 1058 789 1000 596 723 408 1081 823 1307 1405
"g6390" 962 954 945 873 1150 1073 1423 804 1663 982
"g6391" 25 20 3 16 15 5 54 5 8 28
"g6392" 0 0 0 9 1 17 2 10 16 0
"g6393" 343 95 118 166 294 199 360 256 320 415
"g6394" 0 0 0 0 0 2 0 3 0 0
"g6395" 733 353 428 426 539 581 979 567 611 522
"g6396" 1168 960 863 297 537 893 1772 1113 751 352
"g6397" 16 13 5 2 6 16 0 6 0 0
"g6398" 2575 1971 1935 1634 1828 1844 3991 2099 2971 2504
"g6399" 4285 3748 4126 3030 2932 4838 3083 2522 5879 5822
"g6400" 2 2 1 5 1 2 16 2 0 6
"g6401" 6428 4850 4188 11856 3825 4603 7336 4234 9988 3379
"g6402" 200 315 316 122 246 96 147 243 234 189
"g6403" 23 10 32 4 17 29 36 6 3 15
"g6404" 30 26 56 4 80 14 1 43 4 25
"g6405" 5 6 4 15 11 10 32 10 15 10
"g6406" 35 10 22 1 5 8 22 53 47 12
"g6407" 128 57 113 29 67 191 94 132 80 29
"g6408" 69 122 95 104 32 104 179 100 100 32
"g6409" 22 3 2 1 0 3 7 4 10 24
"g6410" 1310 774 696 937 1383 817 982 846 1331 1184
"g6411" 3518 3203 3480 2187 2849 3099 5454 2394 4779 3950
"g6412" 13 14 22 39 0 11 4 14 7 1
"g6413" 29 28 27 29 36 23 33 33 36 24
"g6414" 198 137 243 173 168 161 125 154 206 260
"g6415" 538 310 303 166 300 188 558 175 545 382
"g6416" 709 249 534 528 434 556 827 509 569 441
"g6417" 3 4 4 5 6 6 9 4 5 4
"g6418" 501 438 429 154 500 312 1013 410 965 540
"g6419" 4587 4979 4652 5588 3037 3827 5294 2842 5885 4171
"g6420" 2109 1345 1247 1232 1333 1175 2511 888 1950 1076
"g6421" 198 295 104 103 94 212 332 200 339 252
"g6422" 1569 1274 1439 2074 1683 1080 1487 1936 1347 1761
"g6423" 274 266 238 323 299 321 375 227 461 318
"g6424" 3830 1209 2341 5514 3238 4522 7628 1871 3020 7884
"g6425" 369 157 185 289 225 344 406 168 409 263
"g6426" 233 215 275 243 123 143 245 247 293 21
"g6427" 165 117 245 165 299 366 118 156 278 223
"g6428" 838 561 514 995 877 585 819 581 1225 745
"g6429" 53 31 24 28 24 48 46 45 28 26
"g6430" 7 2 1 1 2 0 0 3 5 1
"g6431" 8 0 0 12 2 1 9 2 2 0
"g6432" 32 11 25 15 24 9 44 2 63 18
"g6433" 193 282 80 168 261 150 108 139 443 217
"g6434" 1583 1678 636 1399 957 1684 3462 694 1683 2100
"g6435" 729 350 404 483 454 363 679 338 522 876
"g6436" 5 2 3 8 4 1 2 1 2 2
"g6437" 35 17 65 51 55 4 129 130 6 51
"g6438" 1037 1009 698 580 1335 1162 1143 438 1009 1670
"g6439" 1144 818 932 1104 1296 981 1550 961 1528 1215
"g6440" 107 128 128 151 90 91 152 128 128 126
"g6441" 28 54 75 98 24 48 30 15 22 17
"g6442" 57 4 0 7 14 76 146 33 5 0
"g6443" 395 353 419 649 810 398 746 512 685 732
"g6444" 11 3 11 6 9 4 6 11 36 21
"g6445" 1604 1627 4635 2612 2842 1219 5597 3573 8643 4579
"g6446" 350 316 277 257 298 394 843 330 415 473
"g6447" 896 293 363 423 619 211 390 458 578 235
"g6448" 412 105 74 118 269 137 310 40 34 507
"g6449" 3802 2529 2326 2639 2578 3006 5237 2716 3180 2838
"g6450" 1361 411 403 671 827 275 779 562 1091 625
"g6451" 2745 3647 3446 3615 3664 3880 4375 3448 4498 3745
"g6452" 3 0 5 4 4 0 1 0 17 5
"g6453" 39 454 159 66 16 26 120 95 100 202
"g6454" 90 109 100 153 110 138 155 166 156 103
"g6455" 30 16 14 26 24 28 31 21 40 24
"g6456" 24 279 16 40 7 42 111 40 34 45
"g6457" 310 318 261 59 197 251 573 173 301 238
"g6458" 249 414 321 250 360 305 262 349 794 453
"g6459" 93 99 65 73 189 123 160 93 117 121
"g6460" 3 4 0 0 8 3 1 1 1 1
"g6461" 125 36 73 84 60 110 130 62 82 86
"g6462" 38 20 46 84 78 26 75 19 113 32
"g6463" 27 16 6 31 15 8 20 8 25 6
"g6464" 2336 1875 1496 1733 1694 1477 2395 1025 2004 2205
"g6465" 28 32 12 87 38 108 5 15 19 45
"g6466" 0 0 0 0 0 0 9 0 0 18
"g6467" 453 193 416 639 896 615 1218 532 316 452
"g6468" 1882 1743 1448 1240 1141 1703 1717 1604 1250 1694
"g6469" 417 404 578 482 317 669 685 294 698 466
"g6470" 40 43 112 16 31 10 98 23 156 18
"g6471" 2556 1223 2436 3956 526 2297 4043 1393 1749 2380
"g6472" 93 35 6 89 64 24 56 15 59 13
"g6473" 15 0 0 0 56 0 0 0 0 1
"g6474" 29 47 69 69 35 33 163 50 7 33
"g6475" 7 0 0 4 0 2 6 2 0 1
"g6476" 309 194 223 169 236 218 307 206 236 185
"g6477" 773 943 887 810 880 1112 1788 959 1739 1423
"g6478" 174 86 80 151 112 98 101 76 182 94
"g6479" 66 35 207 288 17 221 125 78 73 387
"g6480" 7 2 4 3 5 6 5 19 2 0
"g6481" 263 79 126 58 153 36 358 319 230 63
"g6482" 2 0 5 0 15 3 1 1 1 1
"g6483" 570 564 477 638 490 246 452 582 705 460
"g6484" 9127 8266 8038 7060 7234 6259 8912 6309 11263 9659
"g6485" 10 5 4 6 3 6 6 7 9 9
"g6486" 52 94 57 22 72 115 29 43 82 89
"g6487" 2529 1955 1869 2330 1811 2435 3228 1733 3587 2198
"g6488" 315 194 201 159 269 144 471 187 288 57
"g6489" 145 164 104 128 75 128 208 135 175 166
"g6490" 288 193 261 242 385 236 390 234 392 307
"g6491" 791 2382 1706 1727 1886 1310 1367 1777 2176 1614
"g6492" 790 487 410 504 550 599 889 334 746 625
"g6493" 5329 2852 2905 4368 4566 2866 7074 3436 6519 5746
"g6494" 4 0 0 0 1 0 0 0 0 1
"g6495" 1473 2414 1435 2098 2427 2452 3023 2231 4266 2640
"g6496" 3065 2288 2875 2883 2865 2289 2792 1781 4432 3075
"g6497" 44 18 24 18 13 18 76 16 70 29
"g6498" 9 13 27 5 11 9 0 5 33 16
"g6499" 0 0 0 1 1 1 4 0 4 0
"g6500" 1254 559 638 371 575 263 1543 683 1361 747
"g6501" 53 23 52 49 34 71 47 53 93 104
"g6502" 5 0 5 0 7 0 7 19 11 15
"g6503" 0 0 0 0 0 0 3 0 1 4
"g6504" 336 67 525 108 599 214 437 253 276 384
"g6505" 332 157 45 91 393 308 408 128 181 154
"g6506" 1005 318 720 701 709 534 649 574 1126 663
"g6507" 930 112 838 925 366 489 767 818 481 604
"g6508" 2 15 53 0 1 10 1 0 14 24
"g6509" 59 4 32 43 2 66 28 3 2 14
"g6510" 6 6 10 12 16 11 16 5 11 7
"g6511" 1 5 3 3 5 4 4 4 5 6
"g6512" 102 48 101 35 85 119 133 58 214 113
"g6513" 6198 5112 5402 3587 2606 5768 6895 8180 5180 5626
"g6514" 110 70 52 103 60 120 119 87 65 100
"g6515" 294 208 185 139 238 165 225 269 183 174
"g6516" 57 107 84 111 393 51 97 109 161 79
"g6517" 1794 347 1052 1643 546 2399 1138 2920 2750 4220
"g6518" 58 28 23 45 33 14 65 38 57 60
"g6519" 619 111 264 733 555 280 456 81 168 921
"g6520" 628 479 423 175 269 409 439 399 361 690
"g6521" 1889 1550 1053 1318 1380 1572 1831 1578 2282 1436
"g6522" 12 7 12 13 2 12 13 3 11 5
"g6523" 179 154 246 363 151 260 343 168 509 318
"g6524" 518 208 424 86 317 99 113 203 304 193
"g6525" 32 14 19 45 14 10 24 32 4 14
"g6526" 361 220 263 284 310 231 172 336 270 380
"g6527" 145 140 70 89 176 261 524 109 291 53
"g6528" 593 467 414 477 307 434 374 293 563 421
"g6529" 989 652 715 867 853 754 1258 1141 1521 1262
"g6530" 0 13 8 58 55 77 49 0 57 23
"g6531" 821 526 815 997 529 494 1054 840 598 874
"g6532" 473 575 378 251 278 165 292 296 542 428
"g6533" 4557 3076 3295 2131 2424 2315 3977 2173 1795 3016
"g6534" 1 2 1 0 10 24 1 0 3 27
"g6535" 4 0 0 0 0 0 0 1 5 2
"g6536" 901 1054 777 590 750 678 1185 530 765 633
"g6537" 232 275 165 312 227 226 352 232 249 226
"g6538" 57 66 102 111 101 102 60 43 21 86
"g6539" 22 95 228 331 62 155 75 114 121 69
"g6540" 733 1014 562 1043 966 1000 1857 989 1372 1137
"g6541" 150 95 31 49 87 84 86 112 91 118
"g6542" 614 646 608 688 386 883 1676 1021 814 1152
"g6543" 167 176 219 160 402 275 341 222 238 181
"g6544" 1795 739 1631 581 2478 1299 1550 630 1621 2265
"g6545" 8 4 0 2 39 5 18 5 33 1
"g6546" 4 5 4 2 8 22 20 15 10 17
"g6547" 4 0 1 1 2 1 1 4 2 2
"g6548" 982 756 749 553 816 739 1175 1368 1432 1326
"g6549" 14 15 11 11 8 28 17 6 8 21
"g6550" 238 22 22 46 30 47 3 41 6 7
"g6551" 10 9 9 6 10 6 17 11 15 11
"g6552" 88 33 31 42 38 38 82 90 42 22
"g6553" 54 27 37 36 29 59 52 50 62 61
"g6554" 19 0 0 0 0 0 0 0 0 0
"g6555" 67 88 44 38 85 65 39 114 64 96
"g6556" 147 512 67 186 295 199 27 1151 1084 127
"g6557" 27 38 75 4 66 42 69 94 68 67
"g6558" 429 202 266 142 343 155 288 384 453 248
"g6559" 4 0 0 2 2 0 12 9 1 7
"g6560" 37 33 31 14 33 10 55 10 27 23
"g6561" 15 4 9 7 4 12 11 7 12 6
"g6562" 9 12 8 11 6 5 16 11 12 26
"g6563" 4 0 2 9 7 1 11 9 2 13
"g6564" 0 1 1 128 5 12 1 0 0 4
"g6565" 1651 908 627 705 865 269 1456 998 2064 895
"g6566" 17 15 3 21 17 12 13 20 22 14
"g6567" 26 26 14 3 30 35 34 25 34 10
"g6568" 0 0 2 1 1 2 1 1 0 1
"g6569" 1259 400 1142 945 640 1047 2016 554 662 1135
"g6570" 0 0 9 0 51 6 1 15 77 0
"g6571" 124 60 141 37 96 87 117 26 26 86
"g6572" 18 9 9 12 15 10 10 7 11 2
"g6573" 682 403 783 262 377 260 402 239 493 255
"g6574" 41 45 85 0 2 8 57 156 0 15
"g6575" 96 65 81 80 54 87 133 65 116 106
"g6576" 21 7 16 11 15 9 32 16 22 14
"g6577" 712 999 795 535 1469 2433 1463 1561 913 1182
"g6578" 17 12 23 21 7 14 9 19 9 6
"g6579" 9 3 6 3 4 5 22 5 19 8
"g6580" 17 5 8 37 15 15 21 13 17 24
"g6581" 12 18 10 4 3 5 2 6 6 30
"g6582" 302 486 467 337 538 684 746 629 337 302
"g6583" 3360 2570 3161 3098 2634 2741 3063 1659 4685 3040
"g6584" 553 309 253 243 506 535 312 409 937 339
"g6585" 19 23 12 10 8 15 11 4 13 5
"g6586" 69 22 28 35 66 26 66 52 58 71
"g6587" 137 114 160 127 141 96 168 142 182 211
"g6588" 1096 603 504 806 471 340 1006 341 685 568
"g6589" 13 30 20 35 41 48 86 35 54 39
"g6590" 292 207 177 246 242 243 441 221 365 277
"g6591" 12255 3844 3832 6440 2645 5228 8317 4372 5272 12339
"g6592" 513 406 375 856 1221 502 921 859 664 803
"g6593" 580 111 196 329 576 274 557 361 332 201
"g6594" 319 107 169 245 120 62 240 595 327 829
"g6595" 0 1 4 7 2 2 5 2 1 0
"g6596" 12 6 13 14 18 16 19 15 11 22
"g6597" 736 232 406 325 196 280 396 220 448 358
"g6598" 0 1 9 1 0 3 5 1 9 1
"g6599" 129 18 62 146 751 149 601 80 538 290
"g6600" 4 7 7 4 10 9 17 11 9 9
"g6601" 499 392 202 291 212 384 305 336 477 349
"g6602" 1255 799 554 1279 1847 1316 1080 760 1297 869
"g6603" 17 6 0 0 10 0 0 6 0 4
"g6604" 10 8 1 9 13 4 5 15 13 9
"g6605" 518 518 467 548 611 599 1111 628 923 619
"g6606" 4 2 0 1 1 2 1 0 6 1
"g6607" 258 53 79 47 87 93 129 92 111 64
"g6608" 3425 2325 2660 1735 2994 2786 5235 2091 2351 2346
"g6609" 941 359 305 678 365 689 324 329 802 522
"g6610" 71 24 45 34 38 36 71 40 38 30
"g6611" 159 88 105 64 122 81 172 110 212 108
"g6612" 46 13 27 65 22 13 35 32 13 108
"g6613" 61 26 75 43 51 37 66 54 58 70
"g6614" 676 546 405 186 272 502 824 295 672 829
"g6615" 5 3 1 2 3 4 9 1 8 5
"g6616" 1631 1249 1603 1276 1794 1344 2324 1091 1832 1259
"g6617" 48 78 55 59 34 39 66 36 47 48
"g6618" 56 11 3 11 6 18 4 69 0 8
"g6619" 411 311 322 409 372 212 353 325 412 377
"g6620" 148 132 87 111 344 148 143 47 384 108
"g6621" 6 6 9 0 2 4 23 2 3 0
"g6622" 548 731 573 541 603 711 1263 639 1483 703
"g6623" 9 14 14 6 7 17 8 23 19 5
"g6624" 21 12 20 39 12 49 18 44 26 28
"g6625" 4816 3393 3600 3493 3337 5127 3671 3910 5449 3792
"g6626" 593 472 396 317 484 388 433 517 255 435
"g6627" 420 390 173 284 342 271 401 318 512 479
"g6628" 488 623 559 777 531 1036 732 536 997 990
"g6629" 80 50 9 95 73 13 175 13 93 23
"g6630" 101 282 59 358 462 76 114 341 239 227
"g6631" 705 351 229 334 213 427 198 1232 439 558
"g6632" 1229 2375 1287 1587 983 733 1817 1055 1404 1232
"g6633" 4 3 11 5 3 4 6 6 7 9
"g6634" 22 13 11 8 16 27 69 9 32 28
"g6635" 48 21 6 23 12 21 28 14 16 20
"g6636" 947 893 460 763 1083 2708 617 611 2250 875
"g6637" 788 270 349 430 559 284 825 483 455 540
"g6638" 335 345 265 245 274 323 422 315 440 392
"g6639" 3004 2264 2461 3427 3282 1619 3585 1945 4132 2478
"g6640" 103 25 127 168 76 35 118 37 188 60
"g6641" 8 3 7 3 0 5 5 0 0 1
"g6642" 2160 1002 1103 1290 1410 2195 1002 5669 9063 9770
"g6643" 2385 489 971 895 1061 670 549 896 2214 1525
"g6644" 290 223 281 185 276 257 392 386 364 308
"g6645" 894 808 754 868 706 917 838 523 976 668
"g6646" 9 64 89 56 82 52 53 17 91 142
"g6647" 11 2 14 2 5 9 15 2 4 0
"g6648" 61 30 11 6 261 27 120 29 199 17
"g6649" 341 92 146 164 184 221 185 239 302 83
"g6650" 28 13 5 50 1 113 8 11 0 25
"g6651" 1320 1755 767 1224 969 1086 1245 734 1766 930
"g6652" 72 7 9 54 58 19 140 18 7 9
"g6653" 2 3 1 0 0 7 0 0 0 6
"g6654" 20 82 90 25 19 8 99 23 96 2
"g6655" 1381 1197 1184 1134 670 1353 2002 1034 1696 1525
"g6656" 28 11 5 2 9 9 18 7 38 2
"g6657" 2 8 0 0 0 2 6 0 1 1
"g6658" 48 16 31 31 60 28 83 25 68 21
"g6659" 109 136 201 174 229 349 433 198 308 192
"g6660" 0 0 0 0 8 5 0 0 0 2
"g6661" 679 292 405 615 438 344 556 503 749 744
"g6662" 5 15 6 2 4 4 7 4 6 4
"g6663" 35 20 13 12 12 39 32 9 60 23
"g6664" 653 769 637 675 711 630 1081 541 774 759
"g6665" 8 9 24 29 12 8 6 3 37 17
"g6666" 27 25 29 34 78 13 6 29 165 23
"g6667" 53 17 50 68 24 80 83 65 45 31
"g6668" 864 1206 485 205 746 865 3006 887 1503 853
"g6669" 41 6 14 18 37 17 67 7 1 72
"g6670" 1888 1506 1181 1352 930 861 1362 1197 2188 1620
"g6671" 40 24 32 13 9 28 12 25 61 44
"g6672" 5 3 2 2 2 1 3 1 4 2
"g6673" 4 0 2 8 0 2 0 1 1 2
"g6674" 1337 1007 915 1401 1440 989 1891 1499 1787 729
"g6675" 14 2 24 13 11 3 15 4 17 6
"g6676" 578 304 640 426 546 431 618 446 635 232
"g6677" 3904 3920 2773 4040 4295 2657 6130 3106 4103 3417
"g6678" 889 576 200 231 728 206 487 728 151 342
"g6679" 1 1 2 4 2 1 0 19 3 0
"g6680" 105 69 178 97 117 75 164 70 84 141
"g6681" 2 9 0 1 20 7 1 2 4 18
"g6682" 10 6 15 17 9 1 15 0 34 16
"g6683" 237 510 418 504 338 358 310 240 793 1089
"g6684" 10024 11048 12336 11664 7965 10672 9878 9017 9149 8817
"g6685" 1571 1059 1142 1219 1254 1701 2395 1333 2236 1153
"g6686" 5270 2877 2108 2319 3989 2224 3618 2741 3950 3028
"g6687" 27 9 13 26 11 9 13 13 10 5
"g6688" 68 8 27 34 22 28 108 53 43 29
"g6689" 880 319 328 846 311 627 584 1007 706 1076
"g6690" 2297 1577 1699 2353 2452 1727 3355 2343 2498 2383
"g6691" 1 7 3 1 2 8 2 0 0 4
"g6692" 653 126 84 208 122 34 121 118 103 70
"g6693" 40 3 41 15 12 30 75 28 6 1
"g6694" 4 1 1 0 1 1 2 2 4 1
"g6695" 156 101 140 77 96 62 62 111 146 122
"g6696" 277 1433 202 1316 894 739 635 44 1245 661
"g6697" 1087 926 1350 1392 695 428 1434 229 2046 1503
"g6698" 199 215 220 148 167 203 199 187 679 295
"g6699" 5 40 2 50 14 10 20 7 7 33
"g6700" 6438 2372 4120 4343 2851 1798 7217 1445 8197 3190
"g6701" 422 470 350 398 507 517 609 427 517 205
"g6702" 2 2 0 0 26 0 15 8 0 0
"g6703" 351 150 121 113 66 175 416 163 162 155
"g6704" 10 12 5 12 10 10 5 1 35 7
"g6705" 9 10 16 13 11 3 8 13 16 17
"g6706" 1399 765 345 1219 1134 1025 3993 20 27 1029
"g6707" 18 12 10 16 24 11 24 12 25 5
"g6708" 115 111 99 46 59 96 171 181 54 142
"g6709" 128 127 170 207 345 141 172 216 254 106
"g6710" 139 149 105 101 269 84 331 125 130 150
"g6711" 3 3 3 4 1 2 2 2 1 2
"g6712" 6723 2770 3507 6726 7118 3689 6948 5182 7244 7181
"g6713" 424 320 580 515 368 489 784 365 460 483
"g6714" 3 0 8 5 1 3 17 8 4 7
"g6715" 15 13 23 28 19 20 31 15 13 21
"g6716" 7 20 7 7 4 20 4 3 21 10
"g6717" 344 307 219 257 241 230 471 382 420 433
"g6718" 298 68 108 55 257 41 153 132 221 174
"g6719" 11 2 15 35 23 19 15 53 6 58
"g6720" 33 10 15 50 13 13 28 8 8 38
"g6721" 14 8 7 8 4 5 12 16 4 16
"g6722" 18 0 0 2 2 0 0 0 0 1
"g6723" 9 1 1 0 6 1 0 1 2 5
"g6724" 3911 4631 3703 2691 2620 3824 5005 1233 4067 3050
"g6725" 371 112 322 352 498 389 495 208 353 549
"g6726" 56 48 30 23 17 7 50 45 11 81
"g6727" 7 5 2 3 10 4 7 2 2 10
"g6728" 11 8 13 14 9 14 38 12 13 7
"g6729" 77 16 10 29 3 1 27 51 19 5
"g6730" 132 141 64 61 80 103 157 88 159 104
"g6731" 155 89 199 61 45 128 125 50 97 111
"g6732" 3044 245 1219 796 433 3014 2175 1617 4841 1041
"g6733" 23 6 9 11 16 1 11 3 19 10
"g6734" 67 13 26 55 25 65 72 42 90 117
"g6735" 684 549 566 446 349 498 752 211 833 1030
"g6736" 291 170 163 403 187 182 305 231 469 245
"g6737" 1259 702 1167 862 818 723 1236 919 966 619
"g6738" 24 19 15 25 21 19 17 13 28 13
"g6739" 141 61 51 96 83 66 90 98 82 75
"g6740" 777 770 566 687 1177 959 2265 1052 1343 995
"g6741" 153 195 148 185 307 144 348 179 392 300
"g6742" 3 0 2 0 4 2 15 0 4 2
"g6743" 3 5 2 5 0 1 7 2 5 0
"g6744" 8 7 12 6 1 6 13 3 1 3
"g6745" 83 90 37 129 323 225 263 153 120 127
"g6746" 1433 2633 1087 3638 2224 1226 4687 2487 3231 1404
"g6747" 6 2 0 2 1 3 2 1 0 1
"g6748" 10 18 4 4 3 0 14 6 30 2
"g6749" 41 18 48 44 67 60 61 58 53 35
"g6750" 9 9 23 11 28 14 16 23 16 14
"g6751" 26 21 9 14 2 17 42 10 39 8
"g6752" 580 599 403 970 153 530 438 451 1085 406
"g6753" 11 571 178 6 15 72 486 43 289 86
"g6754" 11 1 3 24 39 2 2 18 36 73
"g6755" 2108 2559 3141 1239 2592 1784 1818 2657 2881 2407
"g6756" 527 134 346 181 367 195 197 222 126 582
"g6757" 10 3 3 2 10 2 11 3 8 7
"g6758" 1 14 6 0 7 8 23 21 4 20
"g6759" 1365 797 800 1123 2779 1233 1356 1903 1560 1502
"g6760" 3413 2415 2566 4157 2195 1464 4617 3279 3603 4248
"g6761" 890 577 880 1185 1059 1281 2342 1023 1533 1056
"g6762" 331 161 288 409 475 499 443 225 797 378
"g6763" 12 7 5 0 2 8 10 2 2 12
"g6764" 15 23 24 12 18 11 20 11 26 13
"g6765" 29 66 44 51 48 33 46 43 195 45
"g6766" 14 8 8 0 6 6 11 9 10 4
"g6767" 237 131 125 92 131 151 354 77 157 162
"g6768" 2144 1253 1051 1365 1860 1501 1415 936 1735 1004
"g6769" 1624 1301 2632 2034 2694 1463 1305 2586 2660 2787
"g6770" 418 390 313 162 390 253 496 401 568 371
"g6771" 129 66 43 103 92 96 140 118 193 79
"g6772" 64 24 28 42 57 20 22 19 41 50
"g6773" 4883 6248 8792 6461 5171 6012 5078 2287 10819 4955
"g6774" 360 615 280 455 546 354 731 369 600 598
"g6775" 558 376 423 429 327 403 526 470 447 477
"g6776" 4 26 12 5 6 6 5 8 5 4
"g6777" 25 82 165 250 264 21 114 30 139 91
"g6778" 11 4 3 7 11 5 9 2 36 9
"g6779" 1572 943 775 1360 1119 1213 1307 1383 1443 1454
"g6780" 3638 2382 2072 1954 1928 2807 5920 2372 3293 2017
"g6781" 943 514 432 471 589 489 820 439 814 553
"g6782" 177 222 140 197 72 155 308 143 259 210
"g6783" 24715 26575 24263 16478 16297 8726 13419 11660 24183 10511
"g6784" 50 5 2 50 102 21 12 73 313 6
"g6785" 611 567 594 296 620 441 993 349 536 570
"g6786" 350 865 742 793 712 1142 460 534 879 527
"g6787" 338 505 217 630 225 434 313 79 925 482
"g6788" 846 421 624 639 317 577 1119 634 511 577
"g6789" 16 0 13 20 123 36 119 7 20 23
"g6790" 1775 765 512 1022 785 508 496 438 901 1258
"g6791" 113 228 158 65 173 313 523 185 85 125
"g6792" 37 28 23 36 12 31 46 32 31 14
"g6793" 756 488 579 160 445 778 219 769 1659 901
"g6794" 1187 577 770 463 736 804 982 699 1046 736
"g6795" 131 58 50 116 79 31 66 92 46 57
"g6796" 168 267 288 298 346 193 77 133 243 191
"g6797" 9 19 33 11 0 78 63 1 0 20
"g6798" 40 37 24 32 59 16 56 17 19 28
"g6799" 2 14 0 5 15 1 6 1 7 0
"g6800" 1 2 8 5 9 3 15 0 18 3
"g6801" 83 28 0 45 44 34 18 40 12 31
"g6802" 5 1 2 3 3 1 7 2 3 3
"g6803" 37 19 32 20 22 38 42 35 33 29
"g6804" 1 4 4 1 11 1 16 11 7 16
"g6805" 30 25 11 10 15 14 37 7 11 12
"g6806" 4 8 5 6 8 7 7 3 1 4
"g6807" 5 8 0 9 20 2 8 16 0 81
"g6808" 248 67 157 127 87 215 202 55 164 88
"g6809" 2674 1210 1714 1318 1422 2303 3151 1721 3371 1711
"g6810" 891 611 853 582 1100 1056 1317 988 633 569
"g6811" 1018 822 564 445 216 576 238 359 580 508
"g6812" 1 0 0 1 2 2 3 0 0 10
"g6813" 232 95 1061 100 171 296 517 29 125 146
"g6814" 81 344 73 39 281 156 157 297 12 238
"g6815" 99 68 52 75 59 60 42 75 87 104
"g6816" 153 139 56 87 40 97 132 68 127 139
"g6817" 62 31 38 21 155 25 38 54 54 129
"g6818" 74 61 32 174 94 62 91 55 58 75
"g6819" 15 6 32 14 19 3 18 11 10 12
"g6820" 33 197 88 37 90 64 174 51 143 69
"g6821" 128 34 124 137 109 162 241 61 153 130
"g6822" 1 0 16 14 443 14 8 1 46 2
"g6823" 22 14 32 26 24 19 44 26 27 16
"g6824" 74 72 65 45 80 74 135 42 131 80
"g6825" 2 4 8 15 43 47 0 49 1 20
"g6826" 424 330 299 405 396 205 416 276 446 338
"g6827" 791 379 403 579 450 456 642 397 649 759
"g6828" 87 236 35 132 269 142 228 164 171 180
"g6829" 97 65 80 63 114 57 101 76 98 61
"g6830" 648 622 420 478 650 791 1036 397 664 686
"g6831" 16 3 15 16 13 0 8 25 28 11
"g6832" 19 43 71 37 60 67 46 19 101 30
"g6833" 939 114 890 1017 1086 479 899 1112 1125 1814
"g6834" 13 12 9 11 11 19 20 7 27 10
"g6835" 28 35 50 42 60 43 60 66 117 73
"g6836" 277 252 583 459 410 326 406 378 595 505
"g6837" 4 1 5 2 8 3 7 9 4 11
"g6838" 450 916 749 485 742 570 1177 816 807 553
"g6839" 1791 977 705 1125 2021 643 1641 421 1131 1189
"g6840" 4645 2812 1996 2539 2480 4277 6081 3066 5031 5169
"g6841" 733 729 736 853 937 1460 758 1031 1085 1436
"g6842" 27 28 40 25 12 23 24 21 39 47
"g6843" 1140 895 864 947 1058 895 1059 858 1172 1488
"g6844" 499 463 636 422 476 816 815 389 853 630
"g6845" 125 61 38 93 181 158 23 57 120 36
"g6846" 4571 4594 5302 3258 6620 2256 6372 1405 1332 2748
"g6847" 41 315 45 173 70 249 51 137 222 65
"g6848" 1097 1533 1162 979 1071 772 2186 991 752 1620
"g6849" 1344 369 1110 1433 899 729 750 625 2505 1341
"g6850" 87 72 151 91 120 181 109 95 148 158
"g6851" 505 569 386 486 249 403 701 431 504 325
"g6852" 12 8 32 53 58 38 20 10 32 28
"g6853" 393 159 442 179 661 186 252 363 212 527
"g6854" 116 49 72 12 70 78 283 17 312 71
"g6855" 93 76 31 38 26 83 200 70 102 23
"g6856" 115 69 155 92 72 75 96 100 47 28
"g6857" 96 36 47 49 89 58 66 35 96 91
"g6858" 204 125 156 206 124 125 208 135 310 113
"g6859" 1 4 3 0 0 2 1 0 2 2
"g6860" 4476 140 1039 340 47 981 4596 108 277 27
"g6861" 7 33 12 16 10 25 36 6 50 37
"g6862" 18 20 7 21 9 14 6 14 56 35
"g6863" 8 7 3 13 1 1 8 14 15 13
"g6864" 320 250 375 238 167 364 478 290 525 305
"g6865" 9656 5067 4641 8877 6893 4886 9237 5230 8936 5490
"g6866" 403 177 310 269 318 136 531 152 703 609
"g6867" 1063 1666 1234 1588 1393 1185 1458 1582 1963 1430
"g6868" 105 20 40 65 57 66 91 41 119 65
"g6869" 70 68 48 28 70 53 168 43 82 40
"g6870" 202 51 227 216 310 349 619 180 95 373
"g6871" 7 5 2 28 11 27 91 14 21 7
"g6872" 5 5 5 0 0 0 0 0 0 3
"g6873" 6 2 3 7 2 9 1 5 4 3
"g6874" 12 9 4 12 5 19 1 1 5 10
"g6875" 25 50 56 32 32 33 111 20 59 105
"g6876" 378 189 265 371 253 309 282 296 725 239
"g6877" 0 0 0 6 1 3 0 7 0 0
"g6878" 3 0 0 0 0 0 0 1 15 0
"g6879" 8 6 5 2 3 3 1 6 5 3
"g6880" 139 120 38 108 144 245 97 135 190 46
"g6881" 779 550 559 393 758 1289 528 344 366 528
"g6882" 3 74 19 25 57 66 188 77 182 102
"g6883" 327 308 431 279 325 324 447 339 558 465
"g6884" 284 200 354 449 375 299 431 419 317 372
"g6885" 21 18 54 23 45 43 80 32 58 36
"g6886" 3 3 2 2 2 3 2 3 2 4
"g6887" 74 21 8 62 58 31 102 19 60 2
"g6888" 10 10 18 13 10 21 60 6 21 19
"g6889" 251 388 231 212 191 229 96 241 442 205
"g6890" 90 29 5 48 2 2 38 32 50 67
"g6891" 194 223 166 314 200 232 349 87 390 248
"g6892" 8 6 9 9 6 3 13 3 11 15
"g6893" 6 1 5 4 2 4 7 3 6 1
"g6894" 488 360 313 441 578 461 795 550 575 580
"g6895" 369 320 474 397 383 272 482 279 585 581
"g6896" 7 23 44 45 27 6 5 42 8 40
"g6897" 212 120 146 318 164 280 324 210 246 337
"g6898" 9551 7105 6431 5815 12204 7297 11087 8974 7384 12217
"g6899" 5 20 17 21 0 9 64 69 15 1
"g6900" 410 277 493 463 526 532 536 462 495 522
"g6901" 2044 1645 1279 1736 2252 1965 1199 968 3457 1965
"g6902" 10 6 2 4 5 3 10 6 9 2
"g6903" 0 0 3 1 13 9 19 0 0 0
"g6904" 42602 65173 107393 46496 57930 103834 86111 55229 92247 75647
"g6905" 736 524 499 543 309 590 1394 798 477 465
"g6906" 61 34 28 88 104 45 52 28 154 29
"g6907" 672 689 966 548 553 751 512 786 1293 945
"g6908" 116 138 136 254 285 65 160 141 114 192
"g6909" 40 25 26 24 20 33 55 24 26 33
"g6910" 5939 2505 2866 2952 1750 3127 3822 3936 2855 2945
"g6911" 258 338 344 346 384 147 388 292 411 150
"g6912" 68 47 24 50 60 60 104 32 62 26
"g6913" 1 3 36 12 17 8 7 10 46 7
"g6914" 2 5 3 0 0 0 1 0 0 0
"g6915" 285 136 78 151 137 121 209 234 198 219
"g6916" 2532 2238 1538 2667 1675 1198 2884 1786 3840 1763
"g6917" 440 291 256 414 392 345 552 426 457 452
"g6918" 0 1 0 17 0 3 6 0 4 0
"g6919" 4 2 0 22 3 0 4 0 4 2
"g6920" 1281 1350 809 934 1725 789 2709 924 2114 2652
"g6921" 3 5 1 2 0 2 0 2 1 5
"g6922" 13 84 11 68 128 124 27 20 100 37
"g6923" 275 389 517 151 477 963 238 907 693 244
"g6924" 623 248 379 582 254 138 822 315 409 751
"g6925" 24 46 36 39 45 38 35 35 85 42
"g6926" 24 0 7 11 20 22 8 8 13 24
"g6927" 169 248 181 164 206 197 276 107 300 209
"g6928" 22 22 22 8 10 22 32 17 21 23
"g6929" 240 159 128 227 112 165 328 121 267 230
"g6930" 602 376 527 307 492 616 417 866 692 595
"g6931" 0 2 0 0 0 3 0 0 0 8
"g6932" 40 98 39 68 24 69 137 65 32 61
"g6933" 97 46 112 109 37 78 169 44 65 148
"g6934" 5 7 8 12 6 9 9 7 11 11
"g6935" 101 49 78 105 43 66 72 84 99 74
"g6936" 179 76 96 70 122 150 139 74 120 93
"g6937" 7215 2928 5336 4596 4980 5688 10009 5307 7249 7657
"g6938" 2069 1430 3079 3208 1063 3121 2156 2106 1166 1634
"g6939" 46 14 36 42 52 58 89 23 75 46
"g6940" 103 93 40 41 81 112 82 38 195 82
"g6941" 5 24 60 6 112 51 29 15 30 94
"g6942" 760 392 956 838 1304 1543 1046 831 392 767
"g6943" 589 323 337 223 224 341 629 421 430 271
"g6944" 22608 9737 9795 16727 22380 21896 22566 9273 23139 24188
"g6945" 524 360 381 168 307 229 297 203 304 280
"g6946" 18 32 0 33 85 23 83 15 9 38
"g6947" 5449 4866 4318 3078 1267 4207 2242 2584 1257 7951
"g6948" 137 61 178 197 146 113 136 52 317 154
"g6949" 73 96 233 161 284 138 99 244 95 235
"g6950" 209 163 147 197 123 123 346 170 126 313
"g6951" 65 65 113 138 79 175 187 258 136 81
"g6952" 0 4 5 1 0 0 3 1 2 3
"g6953" 3 12 6 1 4 8 19 2 7 3
"g6954" 10 6 5 12 1 1 1 10 23 1
"g6955" 2 2 42 33 10 40 94 2 14 7
"g6956" 81 86 73 80 73 116 38 114 91 69
"g6957" 7 5 3 6 6 4 3 16 8 14
"g6958" 215 102 250 227 140 163 414 93 159 103
"g6959" 80 61 35 62 54 49 67 59 86 57
"g6960" 202 216 221 150 147 132 134 197 445 317
"g6961" 268 217 236 464 371 383 804 563 418 211
"g6962" 55 22 43 95 32 80 65 36 161 73
"g6963" 713 773 572 910 745 701 1086 592 558 362
"g6964" 11932 11417 15552 17480 17726 3638 2254 16032 7252 7129
"g6965" 2 4 3 3 3 14 2 0 12 2
"g6966" 26 10 21 17 16 20 60 25 47 8
"g6967" 16 21 0 17 0 0 0 0 0 0
"g6968" 46 28 14 50 16 23 20 22 27 100
"g6969" 27 9 19 19 26 15 17 16 26 15
"g6970" 148 254 88 142 145 122 397 60 116 172
"g6971" 833 921 849 798 1115 553 1569 1193 1404 893
"g6972" 3883 2818 2269 1812 2656 2467 3859 2381 3840 4048
"g6973" 26 22 22 16 20 16 28 31 22 34
"g6974" 660 492 310 437 444 248 433 469 722 212
"g6975" 2 0 0 0 3 1 2 1 0 0
"g6976" 605 678 591 384 663 618 819 522 832 504
"g6977" 3155 2531 1667 1955 2120 1381 4662 2900 2833 4586
"g6978" 607 417 447 495 428 371 467 241 365 502
"g6979" 269 394 390 455 405 658 343 204 189 386
"g6980" 6 8 11 6 21 14 17 16 27 17
"g6981" 5 7 5 14 17 23 32 6 12 7
"g6982" 92 55 42 28 21 41 85 56 150 141
"g6983" 5 7 12 5 5 9 8 4 14 22
"g6984" 380 245 266 222 225 263 495 292 462 227
"g6985" 5 1 8 7 9 5 5 4 4 3
"g6986" 4 2 5 5 1 0 0 2 2 2
"g6987" 2123 743 2074 907 253 578 1070 960 3206 364
"g6988" 746 408 670 573 679 653 909 832 1433 748
"g6989" 568 412 583 574 262 308 359 336 524 276
"g6990" 38 43 64 29 47 16 45 48 47 55
"g6991" 1723 768 805 870 900 912 1827 504 1553 1371
"g6992" 79 147 118 125 93 98 103 120 155 95
"g6993" 85 11 75 49 66 97 84 83 74 80
"g6994" 7 20 9 9 3 1 13 4 11 17
"g6995" 13 19 4 33 37 105 388 21 2 347
"g6996" 512 211 260 315 373 425 313 223 450 444
"g6997" 18 11 18 8 10 0 23 1 36 1
"g6998" 0 4 0 0 1 1 25 3 4 1
"g6999" 68 22 10 46 87 62 59 17 28 14
"g7000" 601 24 72 62 113 154 627 372 61 493
"g7001" 47 13 19 30 28 28 61 30 21 54
"g7002" 5 0 0 1 3 2 2 0 5 5
"g7003" 1643 1218 1397 854 1366 1780 1494 1254 1546 1219
"g7004" 1 2 3 1 2 12 4 3 15 4
"g7005" 2679 1160 1838 965 2056 321 507 1234 560 276
"g7006" 47 21 40 24 42 22 38 68 77 54
"g7007" 140 100 104 44 82 50 224 77 89 143
"g7008" 1 0 33 11 23 2 52 5 5 0
"g7009" 45 98 105 61 83 87 132 77 176 128
"g7010" 1 4 5 2 0 4 2 0 5 7
"g7011" 33 35 37 33 35 45 25 26 57 70
"g7012" 4 3 4 3 10 3 11 3 3 6
"g7013" 214 114 87 50 345 80 119 188 163 176
"g7014" 28 41 50 11 19 34 14 59 136 13
"g7015" 28 17 12 24 6 25 29 24 11 25
"g7016" 10 1 1 0 3 10 2 2 5 12
"g7017" 83 64 33 51 47 17 61 63 153 77
"g7018" 17 39 18 13 16 40 35 38 20 17
"g7019" 340 327 285 317 321 183 367 307 423 358
"g7020" 947 1733 461 1188 1165 667 1027 1155 1421 914
"g7021" 0 1 0 0 2 1 0 1 0 3
"g7022" 1 1 3 6 1 8 5 1 10 0
"g7023" 4 0 6 3 0 4 22 1 1 15
"g7024" 2 5 0 2 1 1 0 6 0 2
"g7025" 346 244 473 240 192 284 250 196 194 125
"g7026" 143 116 83 114 204 131 168 207 56 248
"g7027" 18 6 14 20 10 16 20 17 38 13
"g7028" 1638 879 1082 1130 901 996 1999 1242 1737 1593
"g7029" 49 9 12 16 18 9 42 18 37 15
"g7030" 0 1 0 2 1 0 0 0 0 11
"g7031" 416 299 327 411 412 619 477 229 429 406
"g7032" 3 10 23 12 15 15 11 6 17 6
"g7033" 85 7 28 27 13 1 71 0 47 34
"g7034" 72 39 69 114 89 46 88 91 62 172
"g7035" 150 90 194 144 176 76 148 116 342 98
"g7036" 1150 987 848 833 1061 1122 1048 682 1146 1019
"g7037" 50 20 48 101 36 54 110 30 27 20
"g7038" 808 682 854 772 660 920 1268 979 1034 765
"g7039" 1006 415 678 336 942 869 872 129 1229 101
"g7040" 255 50 134 180 143 188 238 203 237 93
"g7041" 1346 751 1938 360 548 413 2298 557 3536 947
"g7042" 783 447 565 857 809 1005 1462 403 546 358
"g7043" 26 20 35 14 26 20 24 15 9 17
"g7044" 68 20 113 55 57 0 10 65 95 79
"g7045" 5 0 4 2 1 3 1 2 3 3
"g7046" 294 10 58 266 12 57 109 34 34 115
"g7047" 549 438 441 539 558 175 912 327 943 624
"g7048" 5060 1393 3081 1858 1530 2398 3384 2933 630 120
"g7049" 11 67 22 24 49 31 68 22 42 12
"g7050" 453 313 312 495 970 506 579 104 334 305
"g7051" 36 42 69 33 93 43 84 37 82 51
"g7052" 152 52 12 15 31 46 60 62 81 61
"g7053" 100 84 85 28 84 72 112 91 71 51
"g7054" 24 14 6 105 103 55 477 74 140 334
"g7055" 52 11 35 18 15 53 31 23 36 35
"g7056" 531 105 364 115 336 111 740 165 237 397
"g7057" 30 19 17 24 21 27 25 24 27 22
"g7058" 0 1 5 0 1 7 6 6 112 0
"g7059" 393 5 0 14 76 9 7 42 117 3
"g7060" 555 628 448 553 463 541 665 359 663 413
"g7061" 1 2 0 3 2 2 0 1 3 0
"g7062" 1367 954 668 1110 1515 1114 1621 884 1888 848
"g7063" 146 230 170 221 270 53 474 75 429 230
"g7064" 202 60 96 113 126 201 319 35 63 42
"g7065" 36 10 23 20 26 19 37 10 27 21
"g7066" 0 27 63 100 2 213 8 8 252 32
"g7067" 49 16 10 18 19 33 21 15 7 8
"g7068" 1482 1724 2144 1622 2298 2505 2126 2121 2566 2271
"g7069" 0 0 7 5 1 2 14 5 4 7
"g7070" 59 58 45 38 28 59 88 20 29 32
"g7071" 131 264 853 27 1203 435 500 55 194 324
"g7072" 206 106 77 161 170 219 241 179 239 217
"g7073" 3 0 0 0 1 1 4 0 1 0
"g7074" 7 0 1 4 0 2 2 5 2 1
"g7075" 39 56 31 67 44 51 105 60 68 81
"g7076" 1564 933 891 1012 1343 2322 4980 1449 1691 1348
"g7077" 151 87 74 86 61 126 235 226 169 147
"g7078" 539 182 234 332 90 147 453 713 20 578
"g7079" 1061 639 721 938 547 632 1074 873 586 925
"g7080" 11 2 1 7 4 3 7 3 10 3
"g7081" 40 19 8 2 19 37 27 27 16 49
"g7082" 149 110 63 84 115 178 291 230 322 94
"g7083" 352 245 283 434 296 271 417 435 416 293
"g7084" 4 1 2 0 2 4 0 1 3 1
"g7085" 11 6 3 6 8 6 4 5 10 7
"g7086" 0 2 0 9 2 21 0 2 25 3
"g7087" 777 435 356 403 567 574 1156 604 532 460
"g7088" 1515 108 282 519 481 308 641 386 656 231
"g7089" 74 93 248 262 38 28 94 9 182 101
"g7090" 22 2 9 2 33 9 19 7 4 8
"g7091" 199 291 326 451 0 158 244 174 53 43
"g7092" 328 305 322 189 132 200 319 216 388 266
"g7093" 54 33 6 236 27 124 26 388 17 252
"g7094" 283 118 232 163 199 155 127 203 358 335
"g7095" 47 20 34 44 18 33 26 26 59 112
"g7096" 4 13 8 6 3 14 36 10 7 9
"g7097" 4 11 11 16 11 12 24 9 28 13
"g7098" 352 174 155 210 209 154 211 72 307 219
"g7099" 0 2 0 10 8 0 10 0 0 0
"g7100" 193 60 49 96 37 93 143 75 104 78
"g7101" 406 426 498 271 407 201 482 145 864 453
"g7102" 18 6 8 3 31 12 16 10 4 12
"g7103" 3 2 1 0 1 4 8 3 9 1
"g7104" 502 651 135 146 185 44 247 335 168 400
"g7105" 224 135 54 46 60 65 92 667 122 264
"g7106" 10 15 20 13 6 23 36 18 38 93
"g7107" 77 53 51 15 95 21 26 21 25 18
"g7108" 1313 647 648 1455 681 978 1724 953 1448 644
"g7109" 77 37 79 192 146 77 217 73 99 110
"g7110" 814 466 630 735 516 529 884 309 765 668
"g7111" 29 5 17 19 10 13 54 16 32 11
"g7112" 164 76 72 50 48 62 68 75 119 56
"g7113" 0 10 25 0 11 3 1 0 8 2
"g7114" 35 9 7 21 4 9 20 22 14 25
"g7115" 93 73 58 45 74 82 57 60 83 67
"g7116" 2956 1567 2377 1841 2291 2200 3191 1361 2330 2154
"g7117" 39 14 38 20 35 25 22 36 56 20
"g7118" 50 81 105 29 68 46 65 38 122 55
"g7119" 20 7 55 12 0 14 2 3 1 5
"g7120" 4 3 6 12 15 4 8 10 9 14
"g7121" 0 3 12 4 8 1 18 12 60 0
"g7122" 94 19 27 27 43 61 58 21 50 43
"g7123" 108 47 87 84 56 102 155 43 137 77
"g7124" 91 334 21 222 333 222 513 266 1 891
"g7125" 45 35 43 21 29 30 64 21 47 47
"g7126" 1181 807 365 389 540 824 986 217 650 1595
"g7127" 1123 1105 903 1251 891 728 1253 1427 1534 1176
"g7128" 47 26 110 18 11 67 54 30 25 40
"g7129" 20 0 38 0 0 1 54 0 0 215
"g7130" 477 455 291 453 464 448 587 321 699 402
"g7131" 73 76 39 32 55 64 121 22 48 69
"g7132" 4 1 13 6 8 1 1 0 10 3
"g7133" 359 358 717 657 293 241 888 536 199 637
"g7134" 150 360 77 112 393 315 53 150 384 53
"g7135" 1163 633 1024 817 852 1314 1060 1188 695 1471
"g7136" 1660 1358 719 893 1375 824 1268 1091 829 860
"g7137" 2362 2029 862 2246 2384 2257 2635 1513 1525 2518
"g7138" 1392 1195 2035 1949 2310 1246 2335 2019 1826 1659
"g7139" 0 10 17 9 2 10 7 0 3 18
"g7140" 32 35 10 27 19 12 20 15 13 32
"g7141" 9 4 3 2 0 0 2 12 1 0
"g7142" 0 1 2 2 1 1 1 0 3 2
"g7143" 10868 9063 9000 8569 14086 8467 11435 7500 12028 10184
"g7144" 8394 5969 7986 3004 2656 7638 7381 4659 5273 2466
"g7145" 5 3 8 6 12 9 11 2 0 9
"g7146" 71 75 63 79 71 66 91 26 81 83
"g7147" 11 8 8 0 10 0 6 3 11 0
"g7148" 100 19 35 31 24 18 38 17 4 10
"g7149" 867 550 537 630 589 669 706 526 886 491
"g7150" 177 129 100 135 129 132 233 175 183 225
"g7151" 207 145 64 328 158 326 224 546 112 222
"g7152" 2 1 1 2 1 2 1 1 2 4
"g7153" 62 82 67 47 67 42 97 41 61 56
"g7154" 12 0 2 0 0 0 0 1 0 1
"g7155" 298 148 74 396 61 124 383 111 190 201
"g7156" 510 510 726 1034 852 665 764 688 1606 1027
"g7157" 1541 859 781 866 1111 1188 1324 1161 1167 1166
"g7158" 244 112 161 113 126 103 170 156 183 209
"g7159" 3278 1677 3037 2612 3083 1840 4584 2097 2905 2578
"g7160" 4290 3949 2976 2635 4568 3512 3876 3488 5170 2713
"g7161" 67 173 150 40 335 157 190 19 100 180
"g7162" 21 5 4 4 26 8 4 15 23 29
"g7163" 142 49 48 57 89 189 119 84 270 54
"g7164" 88 212 86 314 206 159 271 175 234 172
"g7165" 55 49 156 109 64 87 161 101 105 94
"g7166" 0 0 1 9 10 0 5 1 13 2
"g7167" 27 17 21 12 17 18 21 17 32 24
"g7168" 539 484 493 566 528 495 1226 776 910 699
"g7169" 160 177 185 166 244 281 185 218 159 158
"g7170" 63 52 64 59 55 74 102 84 90 38
"g7171" 960 410 731 283 155 208 547 411 1042 268
"g7172" 18 6 6 5 3 4 11 4 4 8
"g7173" 7 20 0 17 1 5 2 3 3 2
"g7174" 523 257 648 444 628 521 689 381 513 622
"g7175" 8 2 4 5 10 7 3 6 5 7
"g7176" 789 588 638 888 703 586 1070 468 773 726
"g7177" 397 285 277 352 331 370 394 336 520 190
"g7178" 16 24 15 2 5 1 6 12 21 45
"g7179" 2 1 1 0 1 4 1 0 0 1
"g7180" 90 118 49 144 88 51 72 140 205 82
"g7181" 13 35 26 29 7 67 2 10 7 149
"g7182" 587 221 452 468 474 633 829 500 737 601
"g7183" 126 189 152 235 325 246 214 119 273 376
"g7184" 19 8 23 16 19 18 32 20 28 23
"g7185" 14 14 0 1 5 66 32 4 8 1
"g7186" 21 5 27 16 14 14 26 13 16 19
"g7187" 611 849 941 943 483 922 757 717 1290 868
"g7188" 2554 1845 927 1779 1537 1152 1702 1061 1580 970
"g7189" 2225 1062 335 1341 2503 349 919 202 8 8108
"g7190" 188 172 156 254 242 228 410 234 271 398
"g7191" 3255 1766 1843 2504 5069 2279 7866 4295 3551 2917
"g7192" 266 218 261 206 200 253 490 219 300 255
"g7193" 4 0 1 2 5 0 2 4 3 1
"g7194" 1390 1024 1129 829 998 873 1596 961 1727 1720
"g7195" 316 168 113 213 251 232 218 164 275 169
"g7196" 6 2 7 2 2 3 0 3 11 1
"g7197" 14 4 1 5 3 0 1 11 1 9
"g7198" 99 22 163 120 124 85 160 130 178 25
"g7199" 4 3 2 4 0 11 4 5 3 13
"g7200" 636 549 482 423 804 546 765 695 623 572
"g7201" 63 18 0 60 0 1 3 63 32 8
"g7202" 2924 1542 2186 1532 2529 2239 2828 2286 2246 1789
"g7203" 441 160 381 340 412 162 463 168 301 368
"g7204" 27 15 6 10 16 13 29 18 22 15
"g7205" 269 201 131 198 259 236 260 137 245 225
"g7206" 282 175 105 278 198 150 236 136 246 163
"g7207" 331 338 93 154 160 329 495 22 175 134
"g7208" 211 126 171 153 103 189 180 167 150 221
"g7209" 518 169 263 122 988 941 264 150 663 176
"g7210" 439 371 663 290 372 187 558 376 366 444
"g7211" 304 116 62 293 99 282 314 45 214 329
"g7212" 2316 1095 6331 4685 5192 1630 11911 4963 879 4468
"g7213" 1752 1234 1228 1625 1305 1988 1818 2094 1957 1072
"g7214" 81 42 27 62 21 31 25 40 40 20
"g7215" 40 141 49 13 36 52 55 53 78 66
"g7216" 11 59 25 15 3 4 7 17 5 20
"g7217" 338 235 389 294 366 310 664 342 336 314
"g7218" 15 10 6 7 10 9 16 6 12 13
"g7219" 1326 2447 1364 1408 1798 2927 2068 817 1771 2707
"g7220" 492 377 238 413 293 674 556 284 613 534
"g7221" 92 53 32 74 38 64 46 55 100 69
"g7222" 0 0 3 5 11 3 0 5 1 7
"g7223" 650 617 537 506 346 352 627 402 632 462
"g7224" 4073 2609 2966 2473 2753 3081 4136 3379 4009 3102
"g7225" 1395 1143 1007 1171 988 682 1850 1388 1036 1531
"g7226" 534 303 568 212 1087 628 490 268 370 620
"g7227" 155 110 108 211 127 124 147 161 183 161
"g7228" 471 115 378 147 487 412 242 133 341 105
"g7229" 428 389 402 264 264 298 368 204 171 218
"g7230" 1588 2371 466 969 1014 1947 769 2184 2628 517
"g7231" 23 0 1 28 1 0 22 5 29 8
"g7232" 648 272 180 239 226 459 341 272 358 718
"g7233" 105 505 1678 311 644 574 518 99 605 518
"g7234" 10 26 1 3 3 9 9 8 0 6
"g7235" 10 3 9 3 0 3 1 4 13 0
"g7236" 81 33 26 40 29 11 31 15 23 50
"g7237" 214 98 136 171 333 183 113 253 246 180
"g7238" 3 3 1 0 0 3 6 0 1 0
"g7239" 25 1 11 12 8 1 24 7 3 14
"g7240" 4 0 2 0 0 2 2 1 7 0
"g7241" 75 112 88 57 155 37 76 105 207 132
"g7242" 3 62 2 15 27 0 12 2 9 11
"g7243" 0 2 1 0 0 3 22 5 2 0
"g7244" 169 63 263 63 213 38 179 159 96 308
"g7245" 138 53 143 81 73 87 144 41 162 136
"g7246" 1713 363 2363 1776 1342 1129 1128 1412 1182 1822
"g7247" 957 767 1032 799 1636 712 1442 936 1121 1120
"g7248" 1 0 1 3 2 10 0 0 2 0
"g7249" 787 504 552 574 528 702 1068 810 1039 393
"g7250" 5940 3519 3078 4578 2666 3075 7612 3240 7114 5151
"g7251" 6 0 6 1 0 2 1 1 0 0
"g7252" 11 1 28 31 48 15 3 11 137 45
"g7253" 48 3 13 23 10 1 25 31 11 6
"g7254" 5044 2221 3269 5690 3716 2193 5436 4924 4152 3626
"g7255" 2008 1575 1471 1651 1852 1758 2112 1928 2254 1518
"g7256" 911 1108 771 959 1044 762 1597 731 1574 903
"g7257" 12 9 4 1 3 4 9 7 15 5
"g7258" 1089 202 218 541 476 118 554 623 253 503
"g7259" 31 36 36 16 38 45 70 28 48 22
"g7260" 1408 1063 675 628 723 825 858 771 1022 939
"g7261" 181 102 131 234 133 217 252 256 134 127
"g7262" 9 15 7 8 10 8 3 15 15 9
"g7263" 1909 883 1158 1259 1089 797 1783 1025 1173 1649
"g7264" 30 42 9 27 45 15 88 27 28 38
"g7265" 81 182 25 86 15 93 593 119 112 83
"g7266" 84 26 33 77 146 58 192 44 119 98
"g7267" 431 368 302 554 490 338 765 576 745 565
"g7268" 24 62 21 35 56 13 94 27 42 100
"g7269" 9 3 3 8 6 3 0 2 3 15
"g7270" 96 166 44 97 26 79 58 17 207 66
"g7271" 22 9 31 9 14 2 12 1 8 16
"g7272" 1065 375 713 507 448 570 656 1098 1060 299
"g7273" 950 331 494 862 960 570 1689 436 1037 912
"g7274" 422 271 247 291 264 229 453 321 486 363
"g7275" 198 249 187 432 257 349 797 187 453 313
"g7276" 100 48 206 46 35 55 84 42 42 122
"g7277" 800 815 679 711 978 951 1270 977 980 861
"g7278" 402 346 879 448 325 297 2076 1434 104 250
"g7279" 402 248 260 274 222 325 319 178 337 279
"g7280" 89 42 74 48 79 196 125 63 53 182
"g7281" 189 160 151 205 194 159 182 149 215 201
"g7282" 3 8 1 2 6 8 4 7 10 14
"g7283" 739 393 603 363 747 511 1340 366 668 874
"g7284" 124 5696 443 0 0 85 257 301 93 328
"g7285" 2209 2166 1107 966 769 1605 4320 1794 2839 1326
"g7286" 368 333 228 241 297 220 540 328 367 365
"g7287" 4 5 7 0 19 51 17 18 24 19
"g7288" 1859 1748 1261 1512 1911 1280 2065 1615 3626 2005
"g7289" 1026 936 820 1013 1205 1359 1758 979 1928 1369
"g7290" 41 48 4 7 2 9 54 18 8 2
"g7291" 487 485 325 376 506 415 721 192 316 505
"g7292" 11 6 13 32 9 5 5 0 13 18
"g7293" 27 4 0 1 9 6 1 2 0 6
"g7294" 178 172 138 55 272 35 17 21 233 178
"g7295" 2 0 2 3 0 1 1 3 1 2
"g7296" 397 313 398 558 353 311 699 400 1019 427
"g7297" 609 680 1603 319 259 412 1285 26 871 1648
"g7298" 171 124 60 148 348 258 150 185 148 273
"g7299" 99 90 204 226 391 302 610 349 492 134
"g7300" 10 23 16 0 0 52 11 0 5 8
"g7301" 1 6 4 7 6 3 4 0 0 3
"g7302" 20 5 24 31 28 13 23 3 22 24
"g7303" 12094 7154 4538 5789 6614 6543 9167 5670 7843 9254
"g7304" 13 26 6 127 18 88 52 71 6 29
"g7305" 92 74 51 81 69 134 100 87 70 103
"g7306" 44 36 29 35 41 28 52 30 77 25
"g7307" 105 134 158 115 211 105 174 70 215 221
"g7308" 6 1 3 2 0 2 13 9 4 2
"g7309" 39 24 40 20 27 16 30 9 32 12
"g7310" 1790 1142 1096 2133 1586 1562 3384 584 2271 2611
"g7311" 508 370 584 559 409 667 763 492 695 541
"g7312" 18 10 14 15 7 39 47 6 24 2
"g7313" 4 24 14 33 49 12 42 65 1 153
"g7314" 170 202 197 176 110 174 288 166 133 246
"g7315" 364 367 485 221 265 342 638 379 437 468
"g7316" 1068 865 878 1025 656 1136 1063 833 963 869
"g7317" 377 82 100 247 137 272 238 307 355 202
"g7318" 88 111 98 104 108 141 91 114 143 139
"g7319" 76 39 16 25 46 43 94 40 59 56
"g7320" 170 84 79 80 125 116 156 54 194 96
"g7321" 1687 511 816 777 976 1478 1139 802 1671 832
"g7322" 276 132 59 246 34 60 91 216 45 20
"g7323" 187 109 140 153 95 87 260 200 219 174
"g7324" 8 40 66 25 8 5 4 23 26 9
"g7325" 894 773 1039 1257 1106 599 1315 599 1297 672
"g7326" 159 90 65 64 171 42 87 65 63 78
"g7327" 110 72 129 168 113 149 165 81 90 159
"g7328" 1684 988 1105 1205 1167 790 1557 949 1281 267
"g7329" 10 7 1 24 25 14 25 10 44 24
"g7330" 0 0 0 0 20 36 0 11 0 0
"g7331" 997 714 406 833 458 495 747 681 789 603
"g7332" 7661 3327 4542 5206 8560 6079 10768 6766 6901 4746
"g7333" 1040 628 606 899 863 802 1302 866 1108 1087
"g7334" 156 182 157 145 123 97 215 114 127 130
"g7335" 714 1091 815 564 1115 905 1344 707 1814 781
"g7336" 78 81 70 72 77 108 109 109 52 114
"g7337" 0 0 4 1 8 4 0 0 14 7
"g7338" 565 198 245 190 393 129 606 323 748 570
"g7339" 0 0 0 2 0 0 0 0 0 0
"g7340" 589 334 308 317 211 401 485 292 329 343
"g7341" 325 128 311 239 164 274 356 227 258 233
"g7342" 232 248 228 246 244 224 306 198 306 224
"g7343" 2303 989 2361 3196 2575 2956 2579 1388 5118 1524
"g7344" 1044 529 652 728 649 790 1085 515 1149 843
"g7345" 1478 1103 1066 1346 1091 1160 1532 1110 1387 1252
"g7346" 1267 520 459 369 572 589 877 527 1100 557
"g7347" 2593 1899 1598 2369 1805 2435 4485 2039 3234 3841
"g7348" 164 0 83 42 209 54 238 41 198 33
"g7349" 36 166 7 442 45 358 25 27 48 43
"g7350" 53 14 41 11 14 106 166 91 61 12
"g7351" 1153 1724 865 1632 1600 1293 2777 1004 3437 1889
"g7352" 1352 1004 845 885 815 962 1219 876 1469 913
"g7353" 3651 2626 3097 2314 2831 3159 2700 2575 5602 5115
"g7354" 626 313 423 709 563 232 1201 358 989 789
"g7355" 226 106 379 139 351 208 256 269 204 384
"g7356" 1 1 11 1 1 3 0 2 1 0
"g7357" 4 2 2 0 0 1 1 2 1 1
"g7358" 5 2 3 1 2 2 13 6 4 2
"g7359" 69 46 63 61 52 59 211 55 150 92
"g7360" 128 73 46 127 35 92 228 94 61 94
"g7361" 241 122 220 125 241 197 355 116 170 217
"g7362" 189 139 199 103 124 155 210 107 352 92
"g7363" 867 629 949 840 1689 770 1183 2295 1890 2029
"g7364" 1893 1209 1622 1210 1769 1063 2739 2127 2856 986
"g7365" 216 98 170 292 127 153 313 253 319 106
"g7366" 928 762 220 651 565 668 480 571 262 166
"g7367" 0 10 0 0 0 4 27 0 0 0
"g7368" 2001 1441 452 1015 2257 1505 2100 1763 1162 2211
"g7369" 1634 758 1199 1689 1717 1176 1513 954 1577 1498
"g7370" 6180 2973 4061 4204 4444 3682 5499 4149 6149 5053
"g7371" 4 9 6 6 5 6 3 0 8 1
"g7372" 373 469 564 603 205 502 411 147 552 426
"g7373" 99 55 88 110 101 78 90 141 75 75
"g7374" 489 327 38 326 374 447 497 365 875 971
"g7375" 378 596 435 346 677 212 1009 378 557 366
"g7376" 6 2 2 5 2 3 3 0 3 1
"g7377" 1057 971 797 1089 675 1032 1020 874 1570 735
"g7378" 7 12 6 5 9 6 8 9 12 39
"g7379" 2582 1775 2169 2773 1635 1788 2691 2071 2629 2038
"g7380" 33 23 17 29 10 36 35 22 33 56
"g7381" 650 381 360 380 399 333 581 398 525 371
"g7382" 2442 1956 1160 2848 1277 1369 3492 2555 2223 2947
"g7383" 2339 1719 2789 1931 2593 1247 4847 3179 2388 2125
"g7384" 200 130 169 218 220 172 290 152 264 193
"g7385" 43 55 21 61 63 89 104 106 50 45
"g7386" 9 2 1 8 1 0 3 12 6 5
"g7387" 3 0 0 0 1 0 3 2 1 2
"g7388" 5 0 3 3 2 0 4 3 7 1
"g7389" 32 23 2 29 0 4 1 32 173 13
"g7390" 105 9 11 11 3 1 86 0 8 7
"g7391" 57 29 124 145 70 66 217 380 76 42
"g7392" 1 9 5 0 2 1 5 0 19 1
"g7393" 49 30 56 23 51 35 80 4 106 7
"g7394" 758 654 340 595 792 514 731 502 889 392
"g7395" 219 64 53 61 69 17 71 17 106 55
"g7396" 47 47 23 96 55 44 96 96 96 73
"g7397" 21 10 42 12 13 44 42 80 28 6
"g7398" 1855 1458 1319 1440 1587 1378 2440 1414 1707 1761
"g7399" 4026 4652 5388 3669 6801 5920 10272 5309 6926 4086
"g7400" 1 1 3 5 0 7 1 13 4 6
"g7401" 22 2 11 21 10 13 31 11 21 1
"g7402" 4 1 1 3 0 0 1 3 8 3
"g7403" 3 3 5 2 2 2 7 1 1 7
"g7404" 2111 1452 2988 1365 1632 1810 1470 1582 3372 3351
"g7405" 15972 10764 9161 9378 9932 8405 12861 9828 13036 9965
"g7406" 93 21 44 51 58 54 62 20 72 38
"g7407" 1315 1252 386 441 659 535 1278 915 848 526
"g7408" 106 75 69 47 93 98 83 52 73 43
"g7409" 70 32 54 42 84 93 212 34 75 76
"g7410" 318 26 374 126 36 16 203 113 31 140
"g7411" 3 0 0 4 0 26 26 13 1 1
"g7412" 28 16 23 38 36 27 11 6 49 76
"g7413" 892 191 350 260 385 209 777 626 761 496
"g7414" 1944 1698 1292 1949 1486 1561 1815 1403 3191 1163
"g7415" 164 335 275 418 206 86 126 138 394 316
"g7416" 112 129 100 239 181 162 243 139 68 136
"g7417" 3112 2412 1306 2396 1832 3321 5043 1617 4311 1784
"g7418" 0 37 3 0 0 53 111 4 59 90
"g7419" 35 14 29 29 15 14 28 24 7 11
"g7420" 59 43 38 51 84 83 104 60 26 95
"g7421" 47 30 8 19 28 23 42 35 28 43
"g7422" 707 1914 460 426 543 1448 2967 272 990 1642
"g7423" 286 251 353 266 282 250 439 180 379 450
"g7424" 22 15 20 17 11 41 111 17 47 67
"g7425" 1655 787 1495 634 822 1078 2298 2201 2067 560
"g7426" 45 24 8 24 23 21 40 9 21 26
"g7427" 4 3 1 5 2 5 2 7 2 5
"g7428" 355 240 193 262 276 269 435 196 322 285
"g7429" 198 125 227 45 63 10 464 55 52 188
"g7430" 22 15 9 9 13 31 18 18 25 37
"g7431" 181 15 4 2 25 61 20 0 28 2
"g7432" 85 9 17 49 30 39 9 35 32 42
"g7433" 49 70 33 22 31 84 155 24 95 108
"g7434" 22 44 25 29 8 18 17 28 63 26
"g7435" 1562 1258 1574 1647 1054 902 1869 1460 1450 1192
"g7436" 398 146 156 209 173 202 264 161 94 166
"g7437" 38 18 30 37 35 24 36 21 32 37
"g7438" 2 5 2 8 3 6 2 2 8 4
"g7439" 64 38 78 51 73 98 143 43 117 123
"g7440" 1516 855 886 908 1146 2432 403 938 1013 90
"g7441" 588 331 574 224 716 417 600 331 627 519
"g7442" 15 13 6 11 15 3 26 16 22 6
"g7443" 26 40 23 22 0 31 52 12 4 15
"g7444" 107 124 100 89 70 115 90 67 98 155
"g7445" 472 256 321 325 383 289 604 337 447 369
"g7446" 58 16 29 57 53 32 39 71 51 79
"g7447" 49 13 32 25 27 36 29 33 23 24
"g7448" 62 19 40 51 32 34 67 42 33 42
"g7449" 1350 355 1236 519 917 528 856 542 620 532
"g7450" 855 418 717 766 852 706 1074 663 907 813
"g7451" 77 26 101 67 87 181 67 73 115 104
"g7452" 22 8 18 15 23 11 11 3 15 14
"g7453" 191 242 25 407 240 224 212 191 360 218
"g7454" 1048 769 1431 1886 1118 1107 1620 2140 2138 1261
"g7455" 10 11 37 43 28 16 25 1 27 6
"g7456" 35 25 6 40 152 129 37 51 196 15
"g7457" 86 75 66 65 83 45 26 82 127 49
"g7458" 1 1 0 0 0 0 0 2 0 8
"g7459" 983 771 634 321 450 1065 1361 966 764 642
"g7460" 544 409 237 246 531 299 165 262 268 194
"g7461" 18 15 2 5 8 5 8 11 3 1
"g7462" 8 2 3 34 3 6 5 6 29 0
"g7463" 2583 2111 1098 1225 1133 1329 1816 1241 2140 1298
"g7464" 317 373 318 375 360 334 794 285 514 557
"g7465" 31 5 10 19 16 24 65 13 8 5
"g7466" 1 5 0 2 2 5 16 1 0 3
"g7467" 8 3 3 6 4 7 16 0 5 2
"g7468" 1035 810 1022 472 808 830 1431 866 990 1311
"g7469" 4 0 1 0 0 2 0 3 0 6
"g7470" 840 1155 1841 1212 1270 871 1530 1676 1174 965
"g7471" 227 69 239 90 92 106 182 58 157 222
"g7472" 0 3 0 0 2 5 47 0 0 0
"g7473" 352 178 236 303 281 220 291 182 259 320
"g7474" 94 144 27 54 90 184 528 6 148 238
"g7475" 1441 2042 1021 2073 1609 712 1782 2070 2258 2213
"g7476" 733 544 724 502 232 277 1360 448 1125 434
"g7477" 1786 1485 1255 1221 1498 1482 2882 2155 2023 1420
"g7478" 155 144 199 146 222 193 274 224 339 157
"g7479" 85 43 37 17 19 36 64 28 46 14
"g7480" 303 190 343 171 395 356 232 250 393 596
"g7481" 397 1020 939 183 277 550 616 562 693 442
"g7482" 17 22 21 14 23 17 28 32 33 16
"g7483" 3 0 0 4 0 0 1 0 0 3
"g7484" 718 290 446 468 443 365 547 351 709 643
"g7485" 52 51 45 48 29 39 75 62 46 47
"g7486" 271 160 176 217 345 128 751 407 253 173
"g7487" 871 383 276 699 512 456 1186 218 547 191
"g7488" 951 1255 840 1158 671 832 1979 981 1706 1536
"g7489" 162 92 221 157 97 127 429 106 216 97
"g7490" 810 649 475 600 809 627 1286 737 1153 875
"g7491" 265 50 48 53 95 64 233 55 64 100
"g7492" 4137 3033 2502 2586 1585 3399 4520 2895 5659 2057
"g7493" 435 245 406 379 374 314 537 198 653 485
"g7494" 419 295 313 206 163 369 209 118 474 139
"g7495" 22 6 27 9 12 5 38 1 31 31
"g7496" 4842 3216 3135 4460 3263 2797 5335 3628 6447 4049
"g7497" 948 578 595 704 558 714 1183 763 828 888
"g7498" 1637 1283 910 1064 707 853 1076 1202 1502 1054
"g7499" 2 5 3 3 6 11 7 2 2 4
"g7500" 649 1085 344 400 512 366 298 141 490 340
"g7501" 9 23 19 12 5 16 33 3 17 10
"g7502" 4 0 6 2 4 0 4 3 2 1
"g7503" 89 146 46 221 115 347 210 59 664 143
"g7504" 3 0 1 0 12 0 1 0 2 13
"g7505" 297 300 137 497 536 262 240 233 676 281
"g7506" 4 4 0 2 9 2 0 2 5 2
"g7507" 0 10 0 1 0 4 0 2 0 0
"g7508" 1601 1087 896 1181 1400 1544 1293 1242 1743 1730
"g7509" 700 516 321 515 322 411 389 433 695 409
"g7510" 612 670 496 441 802 630 1216 1313 1123 1182
"g7511" 185 81 73 178 122 156 134 131 106 102
"g7512" 2 13 0 37 27 110 14 16 0 12
"g7513" 107 97 97 121 134 61 103 28 139 110
"g7514" 914 676 527 665 947 690 1044 582 945 613
"g7515" 1394 1222 605 847 994 1041 876 1002 1603 1000
"g7516" 3 0 4 0 2 1 7 1 1 1
"g7517" 0 24 3 1 0 3 3 1 0 3
"g7518" 0 0 4 3 2 4 0 4 11 10
"g7519" 4 2 0 1 3 3 2 0 5 3
"g7520" 2583 946 859 304 1573 1471 1338 1620 1640 1790
"g7521" 0 5 3 8 8 0 10 2 5 4
"g7522" 279 170 165 157 222 211 401 184 303 161
"g7523" 1156 844 981 891 490 618 394 762 1461 716
"g7524" 1058 488 3638 6 18 289 480 111 553 239
"g7525" 888 586 649 682 561 851 931 614 738 670
"g7526" 116 77 48 91 21 13 74 156 19 137
"g7527" 259 197 34 46 146 328 260 65 434 231
"g7528" 360 344 232 319 311 330 270 215 674 192
"g7529" 26 21 13 24 2 10 60 33 9 49
"g7530" 194 136 104 210 157 77 135 190 184 153
"g7531" 10 1 4 4 11 6 9 6 11 6
"g7532" 939 581 613 203 307 540 721 586 814 366
"g7533" 7 0 14 2 2 4 17 6 2 15
"g7534" 15 10 4 7 3 1 4 12 6 13
"g7535" 142 41 131 117 77 210 104 62 143 247
"g7536" 5 31 1 66 17 14 67 27 32 66
"g7537" 208 442 233 957 313 285 1206 319 345 491
"g7538" 9 3 4 18 5 9 10 17 15 16
"g7539" 89 88 97 102 139 22 159 144 105 121
"g7540" 12485 8487 6928 6088 7460 9682 10984 6747 14132 6815
"g7541" 0 5 5 0 5 2 2 1 5 7
"g7542" 9 6 3 7 6 5 17 12 11 7
"g7543" 240 123 153 88 129 98 207 156 179 156
"g7544" 1 1 3 5 0 1 0 3 4 0
"g7545" 67 18 6 11 167 33 200 23 39 78
"g7546" 14 40 11 4 17 15 79 42 7 11
"g7547" 12 24 6 16 24 16 9 0 6 9
"g7548" 2 2 0 5 20 4 1 40 9 4
"g7549" 1045 592 830 845 661 743 1196 638 1083 943
"g7550" 219 147 139 236 83 152 169 121 383 195
"g7551" 29 28 44 40 40 35 64 34 62 66
"g7552" 31 25 18 21 25 36 32 17 27 23
"g7553" 4 7 9 2 17 0 9 5 23 0
"g7554" 2569 1052 1714 2008 2094 2162 3131 1898 3671 2464
"g7555" 446 338 227 275 370 508 770 332 871 478
"g7556" 73 46 56 71 30 33 76 28 74 45
"g7557" 153 0 636 43 39 25 101 251 1 0
"g7558" 314 270 284 308 195 285 217 263 527 325
"g7559" 19 8 6 10 14 17 30 12 45 29
"g7560" 588 373 1060 582 829 631 1213 350 884 758
"g7561" 2 2 9 1 1 2 7 2 5 4
"g7562" 3 5 5 4 2 5 13 9 5 10
"g7563" 315 178 141 194 156 185 255 203 219 230
"g7564" 184 53 49 77 48 52 173 59 59 64
"g7565" 7656 3796 3149 6489 4663 3658 9085 7448 3600 4956
"g7566" 5 4 21 7 6 13 20 20 21 38
"g7567" 59 30 13 44 184 329 70 538 130 135
"g7568" 7 5 17 8 9 6 16 4 36 19
"g7569" 2993 2211 3354 2965 1838 2484 5787 4113 3978 1499
"g7570" 36 14 18 27 35 46 95 67 48 25
"g7571" 133 72 55 75 41 51 80 55 62 65
"g7572" 41 72 97 31 58 66 129 89 67 44
"g7573" 1061 1102 947 668 810 920 2170 711 1579 602
"g7574" 90 30 53 46 86 79 119 63 65 75
"g7575" 39 150 120 133 51 312 167 36 184 58
"g7576" 7 10 9 9 6 5 9 8 26 18
"g7577" 3620 3692 2519 1658 3892 2083 2934 2481 3040 2988
"g7578" 43 0 7 0 0 0 0 1 19 53
"g7579" 2127 1655 1831 1419 1177 1832 2390 1556 1559 1736
"g7580" 2 1 0 0 3 1 0 0 2 2
"g7581" 6 2 0 30 1 8 3 11 3 0
"g7582" 4 3 3 3 4 4 4 2 14 11
"g7583" 2 0 1 0 7 7 0 0 3 13
"g7584" 12 9 16 21 29 14 13 8 30 21
"g7585" 1176 843 740 1199 992 815 1294 752 1350 1210
"g7586" 4256 1312 3789 4692 2855 1327 3915 4592 4796 2590
"g7587" 188 729 184 222 493 18 1002 715 23 43
"g7588" 34 21 8 20 11 40 17 41 3 22
"g7589" 85 74 15 16 18 29 34 15 17 39
"g7590" 25 64 47 198 321 423 2073 1 1393 326
"g7591" 0 0 1 0 0 0 0 35 5 0
"g7592" 21 3 3 2 23 13 8 9 27 20
"g7593" 49 13 40 60 56 30 35 18 64 73
"g7594" 20 131 6 61 30 41 166 16 16 53
"g7595" 94 70 103 94 99 89 57 99 145 60
"g7596" 23 18 15 23 32 14 36 9 34 15
"g7597" 5 0 3 0 5 1 8 0 2 3
"g7598" 1259 737 609 398 565 777 816 958 833 732
"g7599" 5 2 20 16 9 17 15 8 35 20
"g7600" 1825 597 901 5082 306 2521 2072 169 999 982
"g7601" 1534 838 1359 828 958 557 951 938 1100 956
"g7602" 1102 940 586 302 1488 387 754 594 1579 1081
"g7603" 214 93 112 105 146 123 287 211 151 154
"g7604" 1108 521 1435 1343 1565 1499 2275 1108 1532 1226
"g7605" 331 149 101 226 135 136 277 82 102 184
"g7606" 5 1 1 0 1 3 11 3 3 0
"g7607" 239 31 224 177 145 171 373 285 199 89
"g7608" 12907 8670 5236 6507 6688 8749 8792 8959 5698 5237
"g7609" 277 211 210 157 248 88 290 82 332 255
"g7610" 9 13 7 5 13 9 27 11 16 20
"g7611" 25 23 42 163 48 32 17 10 73 42
"g7612" 1211 646 612 586 692 804 1147 694 1038 742
"g7613" 890 653 784 732 415 439 817 481 850 913
"g7614" 229 129 60 127 119 138 348 59 286 102
"g7615" 1027 591 634 1056 660 437 787 708 1042 1069
"g7616" 436 169 156 152 203 201 224 189 240 150
"g7617" 896 832 690 213 450 262 638 600 882 405
"g7618" 3265 2106 1926 1964 2259 1577 4222 2209 3156 1991
"g7619" 43 23 260 36 18 114 104 22 80 57
"g7620" 90 75 45 34 137 135 79 57 56 205
"g7621" 367 71 129 196 254 120 400 139 541 178
"g7622" 159 203 76 72 161 37 111 76 348 141
"g7623" 793 595 590 436 667 795 781 426 903 524
"g7624" 230 187 303 173 200 195 423 215 204 182
"g7625" 1507 1924 1940 1843 1815 1582 2949 1246 2796 1821
"g7626" 0 23 5 0 0 3 24 27 3 0
"g7627" 206 148 17 142 222 131 99 186 466 13
"g7628" 1004 727 952 832 800 1136 1466 946 1024 1051
"g7629" 49 37 5 28 1 14 20 5 5 7
"g7630" 388 594 615 348 675 565 981 176 804 480
"g7631" 4 0 0 2 2 1 3 0 3 5
"g7632" 126 103 79 54 99 52 44 34 98 70
"g7633" 946 536 853 1064 700 753 1207 661 967 745
"g7634" 11 0 14 11 4 44 6 13 26 4
"g7635" 3 6 4 5 5 6 8 0 2 3
"g7636" 0 0 4 3 6 3 1 3 2 0
"g7637" 243 126 220 170 110 212 357 275 346 278
"g7638" 389 453 667 570 452 146 2410 216 568 479
"g7639" 31 21 36 23 13 3 37 40 17 7
"g7640" 5 3 2 2 7 0 1 4 4 1
"g7641" 19 1 11 0 0 1 8 3 12 27
"g7642" 5042 2732 1108 1911 817 932 4950 1855 4685 6954
"g7643" 11 18 20 9 3 15 35 17 26 50
"g7644" 2472 3334 7094 3213 745 2554 3630 7027 4697 3707
"g7645" 1148 815 1206 1011 960 519 2085 774 1141 1143
"g7646" 233 158 117 183 195 244 289 280 211 216
"g7647" 882 388 978 745 682 704 1105 529 1140 900
"g7648" 26 22 41 41 35 43 27 12 21 31
"g7649" 152 77 51 154 96 81 177 52 99 125
"g7650" 3285 1859 2463 4926 1351 1751 3983 1727 3497 1999
"g7651" 3180 2617 2428 1445 2732 1677 6532 1771 2899 3245
"g7652" 1222 567 1523 1047 1109 876 1304 918 1491 1037
"g7653" 2 7 3 0 7 2 7 1 3 0
"g7654" 2885 3056 4050 2652 3241 2933 2914 3004 4807 2782
"g7655" 11 3 2 8 5 6 2 22 1 3
"g7656" 2 4 3 10 1 4 15 8 4 6
"g7657" 135 68 55 156 115 89 130 108 127 203
"g7658" 1603 1136 904 968 702 1253 1941 1073 1457 1005
"g7659" 37 22 16 25 15 19 10 15 9 46
"g7660" 39 18 26 21 22 30 31 25 60 16
"g7661" 1404 1011 957 408 732 767 1372 683 1350 884
"g7662" 1068 720 921 1045 811 778 1102 838 1607 932
"g7663" 3 6 7 6 8 4 15 12 11 14
"g7664" 1138 288 522 435 759 406 982 439 465 328
"g7665" 649 419 395 477 923 644 761 482 722 478
"g7666" 8 1 4 9 12 2 4 25 9 20
"g7667" 148 164 141 118 173 197 231 134 185 232
"g7668" 90 15 86 64 132 50 2 104 64 249
"g7669" 3019 1195 737 4748 829 1571 2250 1310 3498 1239
"g7670" 0 0 5 2 0 0 2 1 10 0
"g7671" 41 160 513 95 110 57 235 374 14 30
"g7672" 1036 1903 1147 1161 1424 1130 1311 898 1661 1598
"g7673" 10 2 1 22 1 0 1 8 19 15
"g7674" 102 37 188 63 17 53 214 129 109 133
"g7675" 279 109 119 192 102 130 199 125 174 313
"g7676" 248 108 71 109 101 130 146 153 138 145
"g7677" 781 435 431 539 1562 386 834 591 1209 339
"g7678" 50 84 43 34 35 56 194 77 99 58
"g7679" 16 34 18 40 18 27 4 12 58 29
"g7680" 15 86 65 5 25 125 24 67 66 32
"g7681" 1209 1527 484 1200 1198 1494 2098 854 1404 1643
"g7682" 71 22 47 60 39 66 15 15 22 32
"g7683" 39 7 34 27 16 6 19 13 6 14
"g7684" 15 4 3 3 8 5 9 3 5 10
"g7685" 444 393 489 228 342 278 379 417 360 369
"g7686" 17 28 18 17 18 13 32 14 34 23
"g7687" 56 34 28 29 53 9 16 99 41 48
"g7688" 1436 538 468 720 498 457 1346 451 713 780
"g7689" 11544 4715 6580 6457 4786 8486 26559 12240 10406 8945
"g7690" 60 44 88 99 96 176 94 84 304 57
"g7691" 40 24 34 25 43 45 54 26 33 59
"g7692" 657 1104 1666 167 749 484 1184 431 759 2145
"g7693" 14 51 25 9 13 6 21 6 3 9
"g7694" 105 64 51 60 75 81 141 26 59 59
"g7695" 429 197 144 784 220 254 679 389 748 387
"g7696" 1 4 11 3 4 0 1 6 13 12
"g7697" 2577 1789 1173 2160 2738 1460 2542 1569 3860 2161
"g7698" 1 2 3 3 0 6 2 12 10 0
"g7699" 121 216 110 122 177 151 212 163 248 121
"g7700" 426 310 298 403 303 347 604 304 516 354
"g7701" 3 1 0 2 4 6 1 4 8 0
"g7702" 15 0 23 2 6 10 6 10 4 5
"g7703" 160 19 169 38 437 102 123 28 203 32
"g7704" 31 8 6 17 5 7 0 0 51 20
"g7705" 3 2 6 5 2 6 13 2 6 0
"g7706" 180 72 81 300 119 174 451 167 653 138
"g7707" 30 17 19 6 12 6 11 3 35 1
"g7708" 4404 2432 2093 3360 3611 3105 8189 3587 4339 4143
"g7709" 3601 1088 2866 2893 1653 1505 1106 2748 3131 3476
"g7710" 914 1029 1186 1294 1955 886 1096 832 3446 624
"g7711" 9 2 17 44 12 8 27 4 2 14
"g7712" 0 9 9 14 1 22 5 2 7 19
"g7713" 3 54 44 6 11 36 60 29 32 34
"g7714" 279 285 420 356 364 318 518 171 773 521
"g7715" 0 1 0 3 1 0 2 3 6 1
"g7716" 2 22 3 18 32 60 13 22 3 29
"g7717" 78 52 84 61 81 89 76 70 116 94
"g7718" 0 9 9 1 7 0 15 9 6 3
"g7719" 0 5 0 7 2 4 3 4 5 5
"g7720" 352 259 170 196 224 152 300 226 151 251
"g7721" 147 22 21 73 16 83 145 17 0 0
"g7722" 1878 1820 1310 1502 1352 1951 2435 1153 1710 1483
"g7723" 70 54 55 55 123 39 126 57 161 55
"g7724" 40 13 22 35 40 63 41 4 36 4
"g7725" 1544 1490 1144 1620 1990 1648 1712 1352 1508 1614
"g7726" 82 29 125 152 34 123 132 115 121 47
"g7727" 74 43 49 78 48 20 36 32 31 32
"g7728" 41 58 76 70 75 53 159 56 46 58
"g7729" 120 67 79 88 143 80 222 72 166 132
"g7730" 2745 1402 2065 1940 2158 2207 4009 2239 3860 3015
"g7731" 4 0 1 2 2 0 4 2 8 2
"g7732" 905 518 881 850 941 589 888 798 487 1082
"g7733" 329 467 380 604 523 220 1343 541 549 424
"g7734" 4 1 4 0 2 5 6 5 13 5
"g7735" 99 112 126 52 105 72 112 108 101 85
"g7736" 27 53 28 0 229 45 78 138 113 26
"g7737" 207 127 354 80 151 168 93 109 56 252
"g7738" 4 0 2 7 5 2 18 5 4 3
"g7739" 22 54 26 39 28 37 74 16 17 41
"g7740" 557 602 382 519 410 343 805 359 631 474
"g7741" 114 144 89 58 83 21 130 37 108 103
"g7742" 362 548 623 681 638 506 687 276 804 700
"g7743" 13 0 0 24 20 0 5 20 4 5
"g7744" 7849 2514 2549 3390 2886 2231 6049 2038 2474 4292
"g7745" 3 21 88 0 55 25 10 5 91 2
"g7746" 450 26 105 330 141 5 537 285 473 704
"g7747" 48 17 12 127 3 53 68 18 58 42
"g7748" 22 10 17 16 14 20 53 38 15 34
"g7749" 3 6 0 6 5 6 12 2 9 8
"g7750" 1329 1806 1115 1602 1468 1611 2454 1244 1781 2108
"g7751" 12 21 13 8 8 11 19 11 12 12
"g7752" 5 6 26 19 12 22 2 12 32 32
"g7753" 1098 269 557 826 1003 800 1226 524 689 711
"g7754" 601 634 536 658 562 539 753 596 603 797
"g7755" 1538 1578 1162 1985 1241 1571 1916 1948 2376 1874
"g7756" 1244 266 1654 335 823 773 400 1157 824 649
"g7757" 14 20 14 28 25 10 72 6 22 6
"g7758" 3 6 2 6 3 6 3 8 10 13
"g7759" 366 607 817 479 266 548 418 498 450 383
"g7760" 1 3 6 2 1 0 0 0 0 8
"g7761" 181 177 305 172 662 209 192 122 364 678
"g7762" 72 8 78 45 166 51 727 192 113 78
"g7763" 324 303 680 571 244 66 569 353 275 255
"g7764" 1869 1110 1487 1234 964 1328 1949 1856 1210 1970
"g7765" 13 8 8 23 13 13 20 4 20 10
"g7766" 48 3 6 0 0 0 0 1 0 39
"g7767" 2466 2294 3544 3355 2712 2291 3691 1598 3579 3549
"g7768" 2101 2274 1610 1634 1236 1144 1805 1402 2585 1482
"g7769" 3 0 0 0 24 0 0 0 0 1
"g7770" 1 5 1 3 6 4 1 4 4 8
"g7771" 3058 939 1853 1784 1640 1081 1380 1810 2767 2232
"g7772" 7 7 1 10 8 5 7 3 4 11
"g7773" 0 0 3 7 1 0 10 2 3 11
"g7774" 101 88 80 183 151 142 112 145 162 114
"g7775" 3 0 1 4 0 3 3 2 2 2
"g7776" 2205 1670 1454 2184 1700 1643 1395 1433 2028 1477
"g7777" 883 656 534 555 509 489 691 529 771 736
"g7778" 170 80 55 68 106 80 54 42 162 56
"g7779" 3 59 9 34 17 61 131 1 82 55
"g7780" 215 326 18 87 101 18 439 220 169 46
"g7781" 415 156 180 401 222 284 773 310 854 370
"g7782" 89 37 28 67 27 30 217 80 133 70
"g7783" 563 1106 579 1007 613 331 529 404 575 703
"g7784" 581 66 49 372 56 228 227 268 245 57
"g7785" 0 28 17 4 15 0 4 16 3 35
"g7786" 69 25 38 23 44 36 18 29 62 54
"g7787" 679 79 245 438 322 293 481 148 413 731
"g7788" 185 150 253 232 162 296 275 328 236 206
"g7789" 171 104 124 163 125 61 166 161 476 215
"g7790" 19 14 4 2 3 16 13 7 13 1
"g7791" 1758 1386 1324 796 847 1561 2018 674 1714 3819
"g7792" 9346 8503 10240 8756 8504 8386 10710 10786 13854 11554
"g7793" 406 387 384 269 391 875 1122 524 359 325
"g7794" 3905 3272 6762 7580 10261 4337 11801 4076 4370 6257
"g7795" 137 62 63 98 59 53 143 109 95 94
"g7796" 0 0 0 6 2 1 2 1 8 0
"g7797" 393 193 314 276 264 281 403 262 433 437
"g7798" 18 8 24 22 24 12 13 1 7 44
"g7799" 41 5 2 0 32 37 21 22 485 0
"g7800" 0 0 13 0 0 0 0 0 0 0
"g7801" 17 10 14 14 7 8 19 11 28 18
"g7802" 1 1 5 0 1 2 5 0 0 0
"g7803" 199 335 257 428 282 362 1094 199 364 415
"g7804" 1712 725 867 1129 1716 972 1575 922 1467 716
"g7805" 3366 1953 2090 2311 1257 1671 3054 2084 2667 1682
"g7806" 46 43 50 28 56 42 87 41 59 70
"g7807" 7 2 0 3 2 2 6 1 4 9
"g7808" 17 20 37 10 36 32 32 6 17 19
"g7809" 1243 1267 1818 1079 920 1132 913 593 713 1576
"g7810" 43 13 27 50 15 17 26 44 11 18
"g7811" 344 149 244 222 338 404 578 387 499 304
"g7812" 971 831 1098 1009 469 1149 1347 1251 1199 1456
"g7813" 1014 901 925 841 1051 899 1528 1060 1529 887
"g7814" 555 738 510 1333 964 876 724 645 703 1578
"g7815" 8557 10438 6714 8144 10121 5700 10049 4078 6865 5613
"g7816" 226 245 231 170 138 335 477 149 574 220
"g7817" 6507 4052 4184 6548 4221 4905 8898 5968 6598 8619
"g7818" 121 201 77 161 155 176 342 175 271 224
"g7819" 0 1 0 0 100 4 7 18 16 0
"g7820" 2 3 14 12 4 15 4 3 17 21
"g7821" 22 4 8 4 18 8 7 12 7 10
"g7822" 533 389 349 423 316 407 430 291 432 455
"g7823" 22 64 134 29 95 84 129 16 67 13
"g7824" 310 199 230 148 241 223 358 218 423 273
"g7825" 9 39 2 48 46 16 114 9 60 26
"g7826" 241 266 1282 226 143 93 258 984 648 324
"g7827" 471 512 446 233 343 495 705 294 680 499
"g7828" 22 35 38 31 39 25 109 55 92 26
"g7829" 0 6 0 9 0 184 9 0 14 424
"g7830" 716 637 1019 894 1179 799 1382 452 1228 763
"g7831" 28 30 21 33 35 28 50 20 65 28
"g7832" 1760 1148 1921 1377 1412 1988 1659 1134 2251 2182
"g7833" 2649 583 1121 804 1496 1422 1630 944 1762 1210
"g7834" 4 10 2 1 2 13 6 6 6 10
"g7835" 715 842 282 787 695 505 1577 424 687 857
"g7836" 2217 1622 1704 917 1420 1792 2806 1250 2851 2321
"g7837" 1509 874 1210 1060 1443 1666 1191 1542 2255 2170
"g7838" 4048 1541 3044 1655 2439 2802 4684 2117 3228 2113
"g7839" 13 8 9 1 3 0 4 0 14 0
"g7840" 1120 1105 629 898 1269 1027 1025 1186 1400 1225
"g7841" 3 0 0 0 0 2 5 0 0 1
"g7842" 693 502 1058 744 757 722 1641 1073 1074 903
"g7843" 19 28 60 446 833 358 204 3 41 9
"g7844" 8 20 21 17 34 3 71 28 40 28
"g7845" 394 252 458 394 347 347 459 397 474 430
"g7846" 282 265 97 140 91 132 245 162 190 93
"g7847" 18 7 11 9 7 4 58 4 3 10
"g7848" 63 22 53 22 37 7 27 53 15 22
"g7849" 13 2 4 10 12 6 11 6 24 13
"g7850" 16 5 6 8 0 27 9 22 11 7
"g7851" 1074 431 315 566 892 587 1013 335 681 506
"g7852" 79 7 13 18 24 27 24 1 67 55
"g7853" 613 268 774 485 586 296 954 68 370 168
"g7854" 128 68 53 47 63 84 152 59 18 48
"g7855" 16 11 5 9 9 7 14 6 14 13
"g7856" 32 116 77 27 170 26 79 250 193 107
"g7857" 754 386 395 511 460 312 690 342 805 694
"g7858" 15 21 16 5 1 0 9 51 8 6
"g7859" 1028 947 634 462 703 600 1652 1038 642 822
"g7860" 721 485 473 280 466 672 474 532 746 400
"g7861" 533 334 419 310 467 305 393 303 477 474
"g7862" 2 2 0 4 6 1 4 10 7 6
"g7863" 35 30 29 43 33 26 70 46 89 25
"g7864" 216 80 252 158 143 89 197 152 151 197
"g7865" 4230 3433 1097 3396 2098 2138 3666 2888 3927 2378
"g7866" 1001 1388 2001 1146 1832 1231 1692 810 1995 1285
"g7867" 455 293 432 357 613 630 738 297 533 548
"g7868" 168 90 121 123 90 102 295 94 225 279
"g7869" 2134 1327 1140 1376 1577 2541 2539 1909 2079 1744
"g7870" 190 213 94 113 389 526 212 204 187 345
"g7871" 598 245 283 232 540 725 137 267 254 884
"g7872" 316 438 343 176 298 357 281 57 246 302
"g7873" 36 34 28 17 2 25 47 23 73 13
"g7874" 2082 1255 1880 2216 902 1759 2777 1385 1128 1946
"g7875" 5 0 2 1 10 2 20 5 4 2
"g7876" 0 1 36 0 10 0 0 3 3 1
"g7877" 95 40 289 223 144 257 153 116 95 235
"g7878" 1266 649 1330 1042 1064 1135 1461 735 3003 1271
"g7879" 247 118 192 69 85 125 189 80 138 110
"g7880" 769 902 706 808 872 770 1653 1358 1416 1773
"g7881" 76 52 81 99 44 157 149 74 64 81
"g7882" 30 17 25 14 17 59 6 8 39 17
"g7883" 203 64 9 1 14 37 4 17 59 57
"g7884" 0 7 6 0 7 7 9 1 10 12
"g7885" 586 291 282 154 311 290 503 302 438 386
"g7886" 391 536 464 602 420 226 352 335 753 663
"g7887" 2662 845 1300 1891 1438 1896 3636 1652 2234 1746
"g7888" 30 37 13 172 46 74 24 5 159 34
"g7889" 2163 2346 2764 1480 896 627 366 1068 4556 1173
"g7890" 20 22 15 26 22 12 45 15 31 24
"g7891" 5300 3233 3405 4077 2990 3967 6472 3936 7379 5301
"g7892" 2097 1259 688 984 870 1059 981 1351 1027 1292
"g7893" 5 2 5 3 0 4 6 9 1 3
"g7894" 2 24 0 1 30 10 2 0 7 0
"g7895" 26 70 6 25 34 26 42 50 85 13
"g7896" 32 29 30 34 16 40 39 50 36 22
"g7897" 5 0 0 1 3 6 6 2 2 2
"g7898" 280 289 269 201 336 264 479 275 319 196
"g7899" 247 225 196 223 251 240 309 253 299 253
"g7900" 370 107 215 172 192 502 561 199 645 310
"g7901" 12 53 5 9 7 20 18 5 35 20
"g7902" 196 89 186 190 402 240 434 312 320 202
"g7903" 2 3 1 1 3 4 7 5 3 3
"g7904" 17 1 4 12 3 1 3 9 3 0
"g7905" 436 666 760 435 745 492 505 219 746 601
"g7906" 18 37 70 38 24 6 14 0 57 24
"g7907" 4 0 2 2 3 1 2 0 2 2
"g7908" 2017 2294 1234 1090 575 2132 1635 464 2053 1978
"g7909" 10 5 7 6 6 8 11 7 8 7
"g7910" 2093 675 1266 1445 1671 1479 1487 860 1675 1846
"g7911" 151 156 178 125 117 172 245 119 290 192
"g7912" 5 1 1 7 1 2 2 0 8 1
"g7913" 24 38 35 16 34 22 24 20 27 20
"g7914" 481 380 601 676 725 480 1117 638 534 745
"g7915" 52 59 43 54 57 45 99 35 114 42
"g7916" 114 114 195 104 232 95 214 186 109 107
"g7917" 1 0 3 1 0 3 7 1 11 0
"g7918" 493 451 685 857 512 798 848 686 543 456
"g7919" 795 174 231 166 144 230 414 125 345 276
"g7920" 498 372 532 408 648 636 354 683 1038 290
"g7921" 35 20 13 14 16 33 27 12 15 25
"g7922" 13 2 1 2 6 2 0 1 26 7
"g7923" 1158 467 586 346 493 482 981 475 578 643
"g7924" 364 244 355 263 359 203 654 197 442 263
"g7925" 524 98 313 526 374 337 539 565 584 664
"g7926" 9 16 16 15 14 22 21 16 17 21
"g7927" 4571 3544 3804 3109 4913 4409 6152 1116 4817 2751
"g7928" 7 35 3 4 16 1 7 8 15 28
"g7929" 252 313 365 399 320 419 409 448 638 518
"g7930" 0 0 0 2 0 0 0 1 0 0
"g7931" 13 8 10 6 5 19 19 8 4 10
"g7932" 16 46 15 43 18 29 205 17 15 8
"g7933" 20 2 0 27 0 7 3 0 2 4
"g7934" 158 87 98 118 68 134 227 104 157 256
"g7935" 6 12 7 4 17 13 9 8 24 18
"g7936" 22 0 159 3 32 1 12 123 227 92
"g7937" 11 5 11 10 10 12 12 2 3 5
"g7938" 4 6 3 3 7 2 4 8 1 6
"g7939" 7 32 13 28 24 52 89 33 21 56
"g7940" 658 652 1078 754 1078 699 1875 1035 1055 781
"g7941" 3 0 0 5 5 12 0 13 5 0
"g7942" 74 19 37 8 72 23 40 21 74 34
"g7943" 3 10 1 1 3 1 23 6 7 2
"g7944" 32 26 52 86 8 72 14 28 44 43
"g7945" 46 8 0 0 9 0 40 123 169 634
"g7946" 445 525 75 638 236 320 957 568 721 759
"g7947" 113 88 83 93 118 114 98 83 90 95
"g7948" 6 7 3 3 2 4 8 3 1 6
"g7949" 12 5 12 16 39 7 12 8 24 2
"g7950" 406 199 275 532 224 557 657 484 251 431
"g7951" 3772 2634 2993 3540 3585 5177 3948 3068 5523 2928
"g7952" 10 119 3 25 76 109 34 12 56 11
"g7953" 959 358 672 533 663 587 819 677 1078 600
"g7954" 5368 4203 6678 6928 6112 6066 7111 5344 6386 3990
"g7955" 10 8 9 7 7 8 20 6 7 6
"g7956" 346 279 255 254 305 257 316 398 293 387
"g7957" 45 23 54 23 13 40 39 29 51 31
"g7958" 61 53 100 31 43 96 104 166 166 210
"g7959" 179 68 411 117 110 69 60 53 319 57
"g7960" 2 9 0 1 0 1 4 0 4 5
"g7961" 2047 1219 1497 1072 1087 1409 1622 1375 1867 1391
"g7962" 913 612 638 430 536 970 1210 839 1405 2069
"g7963" 254 187 164 153 249 249 141 196 313 169
"g7964" 6686 11657 5795 7239 2704 7816 13991 2734 4579 5973
"g7965" 9 24 0 23 44 15 7 33 8 24
"g7966" 0 2 22 1 0 11 8 2 0 3
"g7967" 202 267 551 214 126 266 335 337 224 142
"g7968" 349 208 243 268 312 261 550 183 400 247
"g7969" 896 537 714 652 897 616 1286 1111 1169 1095
"g7970" 313 177 122 145 322 279 465 242 409 260
"g7971" 15 1 1 7 8 0 4 10 6 1
"g7972" 2 1 4 3 14 6 4 4 4 5
"g7973" 896 363 444 417 287 437 776 421 648 732
"g7974" 0 0 0 8 6 8 5 3 13 0
"g7975" 779 417 568 396 427 617 703 495 746 645
"g7976" 381 288 140 269 183 440 391 144 299 478
"g7977" 293 299 259 737 184 139 367 220 338 277
"g7978" 94 74 103 99 54 83 79 69 148 188
"g7979" 13 12 7 5 7 4 7 7 7 5
"g7980" 6 5 18 30 12 10 25 6 8 18
"g7981" 1300 749 906 1404 1156 1106 1220 1037 1273 772
"g7982" 1101 1187 949 1818 1482 904 1590 1879 1522 1287
"g7983" 10 2 9 2 3 5 13 3 5 3
"g7984" 236 100 146 111 166 43 148 19 98 60
"g7985" 192 82 145 88 147 82 129 107 123 76
"g7986" 3860 2831 8375 7776 3938 4401 10226 6306 6566 9574
"g7987" 3 0 2 1 0 6 3 0 9 2
"g7988" 118 81 85 44 62 37 92 45 44 39
"g7989" 84 20 64 37 172 122 116 125 91 223
"g7990" 135 63 63 145 158 138 187 116 52 109
"g7991" 283 174 225 290 129 159 387 248 240 221
"g7992" 1179 539 659 363 937 184 344 433 1047 570
"g7993" 1147 708 802 817 597 1040 1118 555 954 1164
"g7994" 45 30 17 74 369 1 10 20 84 115
"g7995" 278 170 278 286 179 295 716 317 552 384
"g7996" 0 1 0 0 10 0 3 0 0 0
"g7997" 2 3 4 7 1 4 9 5 7 6
"g7998" 8 1 10 8 2 9 3 3 5 3
"g7999" 2978 2547 1193 1976 1769 1681 2547 2338 1916 2173
"g8000" 32 7 15 12 30 23 14 14 23 10
"g8001" 1449 1072 1020 1661 1261 1400 2220 1445 1788 1928
"g8002" 1544 1026 951 1194 1171 1241 2276 1379 1815 1317
"g8003" 1 15 10 6 6 6 4 4 1 1
"g8004" 424 395 325 561 329 544 828 239 599 331
"g8005" 362 149 264 382 191 202 471 228 840 456
"g8006" 568 231 224 372 393 378 261 285 686 237
"g8007" 230 270 205 294 223 219 355 310 298 269
"g8008" 1133 1357 632 2117 983 2724 925 1946 673 1672
"g8009" 1108 748 1031 644 1024 435 1098 957 1239 1591
"g8010" 1290 1212 631 689 764 819 2344 1038 1639 1171
"g8011" 381 199 361 300 270 330 440 265 623 241
"g8012" 4 2 3 1 3 4 3 2 4 2
"g8013" 9 9 42 48 24 11 25 19 5 15
"g8014" 875 493 492 586 394 368 842 510 899 759
"g8015" 439 314 331 227 161 70 179 161 426 463
"g8016" 6 6 3 0 5 1 21 4 3 1
"g8017" 0 0 1 10 1 44 0 26 31 0
"g8018" 115 46 23 34 36 11 32 45 41 24
"g8019" 3 2 7 4 0 6 4 0 1 2
"g8020" 3 7 6 10 3 6 17 6 10 3
"g8021" 14 47 20 43 9 21 30 9 1 18
"g8022" 30 22 79 30 159 76 91 103 62 111
"g8023" 44 5 29 42 51 68 96 21 7 39
"g8024" 192 204 144 218 239 166 379 173 216 208
"g8025" 673 621 810 683 661 854 1544 632 1224 1371
"g8026" 1307 1044 732 936 1014 741 1255 843 1183 699
"g8027" 2099 754 977 1587 924 1206 1942 1649 2181 2034
"g8028" 929 693 521 548 661 567 1457 649 896 852
"g8029" 6465 3138 1874 3649 4208 2359 3329 3602 3856 5122
"g8030" 267 266 215 135 332 291 323 237 124 210
"g8031" 107 45 87 77 93 84 63 55 159 218
"g8032" 284 109 198 148 219 231 238 234 169 239
"g8033" 2179 2108 1325 1465 1290 1825 2933 1376 2298 2799
"g8034" 2 7 4 12 10 0 10 7 3 15
"g8035" 118 111 130 114 61 23 193 68 81 106
"g8036" 192 71 344 110 215 156 369 238 241 66
"g8037" 0 0 0 3 0 1 9 1 0 4
"g8038" 744 326 459 459 851 373 874 193 722 464
"g8039" 47 37 39 56 51 37 60 54 54 58
"g8040" 17 6 3 0 5 0 0 43 3 1
"g8041" 82 87 97 57 148 200 257 69 145 141
"g8042" 25 21 22 47 20 18 60 28 45 13
"g8043" 444 444 264 462 341 223 360 385 184 618
"g8044" 3237 1592 1523 1386 1814 3069 3030 1598 1602 1489
"g8045" 33 11 14 19 43 30 47 34 11 37
"g8046" 1 0 0 0 1 0 2 0 17 0
"g8047" 353 40 179 10 48 0 382 98 271 83
"g8048" 90 13 7 29 8 19 71 0 9 13
"g8049" 1062 796 1099 872 801 852 1406 1205 1458 825
"g8050" 7 1 4 1 2 2 5 4 9 1
"g8051" 3 6 1 0 0 0 4 1 0 2
"g8052" 97 113 203 24 168 319 265 154 235 128
"g8053" 5 9 0 9 5 15 4 6 10 13
"g8054" 0 1 3 1 1 0 1 1 0 4
"g8055" 621 823 906 752 1221 974 1153 1186 887 868
"g8056" 1174 701 385 771 553 545 1838 246 510 848
"g8057" 1455 1309 1363 1539 1915 1134 1762 850 1426 1785
"g8058" 10 3 1 7 1 1 8 1 2 3
"g8059" 5 1 0 0 7 1 1 0 11 7
"g8060" 230 36 3 32 244 40 158 55 237 35
"g8061" 120 85 203 178 173 130 199 165 275 196
"g8062" 4776 5922 5372 4898 4486 5708 5719 5234 7736 6691
"g8063" 610 319 453 355 530 469 759 290 832 388
"g8064" 11 13 8 46 28 14 18 61 17 62
"g8065" 1838 873 673 1461 866 1263 806 1789 1836 786
"g8066" 8 4 5 6 7 5 6 3 5 5
"g8067" 825 232 367 671 355 562 865 290 787 497
"g8068" 1336 1415 773 1339 1432 1324 2065 977 926 3063
"g8069" 3 2 2 2 0 2 3 0 2 2
"g8070" 84 19 16 6 25 1 168 24 3 23
"g8071" 5063 3612 3679 2987 4880 4591 5861 2537 5970 3066
"g8072" 2688 1110 1343 967 746 804 2630 1384 839 1241
"g8073" 464 184 192 182 189 340 379 198 274 163
"g8074" 51 51 41 64 35 17 68 61 82 20
"g8075" 1173 816 1004 804 820 974 1470 638 1237 993
"g8076" 1481 1730 1734 911 704 2156 1129 2067 488 1933
"g8077" 582 233 630 506 403 748 983 426 707 668
"g8078" 0 0 0 0 0 0 2 0 13 5
"g8079" 472 45 473 301 296 242 325 345 259 766
"g8080" 271 65 161 174 122 252 364 145 260 201
"g8081" 50 24 11 25 23 18 60 47 34 22
"g8082" 346 198 154 251 237 189 425 346 717 190
"g8083" 1471 2095 1202 1535 1570 1826 3124 1252 2197 1862
"g8084" 23 50 35 36 12 6 47 15 34 133
"g8085" 960 363 627 953 1193 926 1334 792 400 1113
"g8086" 519 154 328 326 379 323 484 365 412 239
"g8087" 3633 1915 2475 1706 2012 2488 2748 2602 3426 2711
"g8088" 91 33 28 67 47 27 116 21 50 107
"g8089" 373 762 864 857 644 792 1237 555 625 724
"g8090" 893 257 615 663 645 883 1091 700 707 921
"g8091" 325 354 229 312 443 411 940 225 529 402
"g8092" 36 13 28 9 36 46 28 18 16 53
"g8093" 8 21 8 3 0 15 0 0 2 3
"g8094" 253 205 158 169 178 192 284 193 336 192
"g8095" 42 285 300 70 23 22 79 132 81 134
"g8096" 637 119 1339 1395 440 379 147 139 196 2481
"g8097" 41 15 32 11 11 13 15 17 9 8
"g8098" 9 7 2 6 10 7 8 6 6 13
"g8099" 1115 598 916 709 1263 623 906 1311 1549 900
"g8100" 2 19 21 9 3 3 0 14 9 26
"g8101" 72 54 171 32 131 80 87 129 87 61
"g8102" 959 1029 1100 721 876 855 720 780 1170 707
"g8103" 101 109 59 124 76 109 70 103 97 85
"g8104" 2659 1682 1718 2639 1623 1472 2138 1574 2229 2579
"g8105" 2 5 2 2 0 2 1 3 6 1
"g8106" 5 3 2 1 6 3 2 1 0 10
"g8107" 0 0 4 1 0 2 3 1 8 3
"g8108" 387 524 427 591 345 654 650 579 350 915
"g8109" 469 413 449 419 427 663 371 523 363 497
"g8110" 100 26 46 66 76 19 80 47 74 83
"g8111" 3064 1298 773 1498 808 1918 5112 2344 3708 1020
"g8112" 329 536 419 448 240 411 671 319 608 320
"g8113" 104 46 100 40 24 35 101 74 41 97
"g8114" 585 657 256 741 520 523 1520 924 767 1097
"g8115" 636 400 573 357 504 467 672 383 357 417
"g8116" 2171 1931 1856 1355 1278 2347 1499 1866 1979 2130
"g8117" 69 33 9 21 175 38 157 43 90 32
"g8118" 876 441 746 368 405 330 547 268 380 489
"g8119" 1 1 3 4 4 2 11 1 8 6
"g8120" 264 218 209 268 257 198 567 321 452 306
"g8121" 47 37 38 36 45 45 111 42 176 35
"g8122" 1 3 1 0 1 8 3 0 8 0
"g8123" 13 9 27 0 15 10 16 37 21 20
"g8124" 356 527 366 410 373 383 302 238 825 389
"g8125" 2 1 2 1 6 5 7 0 10 9
"g8126" 2998 1948 2109 2174 1352 1336 2034 1826 2767 2810
"g8127" 438 112 80 65 61 183 95 15 264 278
"g8128" 12 10 4 3 5 5 4 0 9 4
"g8129" 901 736 451 489 520 665 996 449 658 587
"g8130" 213 129 240 193 241 143 82 216 214 311
"g8131" 2 5 1 0 2 4 1 4 3 0
"g8132" 2 1 1 1 1 1 2 0 1 0
"g8133" 3695 1153 1659 1736 2149 1635 2714 2250 3087 2460
"g8134" 560 404 478 199 276 366 460 545 283 547
"g8135" 6 5 1 6 5 12 7 3 7 12
"g8136" 58 26 41 37 48 50 72 52 48 63
"g8137" 35 22 40 27 41 41 42 17 40 46
"g8138" 315 431 154 165 576 387 571 256 727 442
"g8139" 62 75 8 65 4 62 51 16 130 9
"g8140" 278 118 150 134 192 190 282 153 205 303
"g8141" 23 0 0 17 0 0 1 0 0 0
"g8142" 2 2 4 3 4 2 0 1 6 5
"g8143" 66 41 18 7 26 12 37 3 23 31
"g8144" 657 346 431 638 571 435 806 426 778 529
"g8145" 231 95 33 109 102 168 97 55 153 46
"g8146" 1 12 2 3 0 12 16 1 2 0
"g8147" 3 1 2 2 0 0 1 1 6 7
"g8148" 437 45 146 348 136 185 251 15 200 145
"g8149" 1976 1299 986 1399 2376 814 2039 931 2454 1746
"g8150" 87 90 16 79 11 42 157 87 106 76
"g8151" 3429 544 733 1452 2028 1850 847 865 1519 1347
"g8152" 2 3 6 3 8 1 0 4 2 2
"g8153" 87 69 54 68 60 60 88 55 81 75
"g8154" 2477 5031 2684 2763 2520 1697 6113 5258 6759 5720
"g8155" 168 107 103 95 98 105 83 104 137 93
"g8156" 81 26 20 99 14 44 34 86 65 56
"g8157" 0 1 3 1 0 1 2 2 2 5
"g8158" 101 89 66 66 64 77 130 70 81 67
"g8159" 592 449 344 410 319 286 575 401 610 708
"g8160" 568 523 1477 732 4591 1011 3749 334 792 790
"g8161" 134 75 68 89 118 154 175 250 32 35
"g8162" 2162 1703 1462 1685 653 1443 1666 480 974 873
"g8163" 2 4 6 2 1 2 1 3 7 3
"g8164" 15 10 11 8 6 9 11 9 8 8
"g8165" 591 656 268 1011 586 350 397 72 387 817
"g8166" 169 110 311 167 414 147 266 208 56 277
"g8167" 285 285 134 97 168 189 69 169 239 182
"g8168" 0 1 0 6 0 0 1 2 7 2
"g8169" 0 8 0 2 11 9 29 24 20 43
"g8170" 691 291 418 614 407 289 769 673 688 573
"g8171" 114 15 90 35 0 10 42 0 3 73
"g8172" 5 2 2 1 1 0 6 0 6 1
"g8173" 39 1532 8 1786 1 0 0 647 8 83
"g8174" 386 304 161 241 150 408 493 233 549 191
"g8175" 31 31 9 19 18 4 9 19 0 0
"g8176" 450 176 199 126 323 506 471 303 353 194
"g8177" 0 0 7 0 0 0 0 0 1 1
"g8178" 94 14 42 132 134 63 125 24 26 115
"g8179" 4 4 2 7 5 1 4 5 8 10
"g8180" 326 202 302 407 276 506 608 336 476 488
"g8181" 831 574 995 549 902 881 732 516 1001 823
"g8182" 650 292 310 398 434 469 668 618 602 442
"g8183" 2606 1590 1628 2062 1702 2285 2965 2064 2684 2383
"g8184" 10 5 6 6 10 9 27 6 19 14
"g8185" 10 17 18 9 16 9 6 15 4 10
"g8186" 85 124 79 88 124 196 186 199 161 182
"g8187" 112 53 69 61 84 52 151 23 70 29
"g8188" 17 9 5 25 4 3 34 6 13 11
"g8189" 968 876 684 871 934 910 1859 762 774 1214
"g8190" 1605 1302 998 1341 1331 1330 1644 1518 1918 1913
"g8191" 25 4 27 9 7 24 60 38 16 6
"g8192" 7210 2235 6488 4770 5218 3670 9708 2464 4185 5340
"g8193" 12 16 9 12 8 10 9 6 3 0
"g8194" 401 138 408 419 287 447 395 294 323 229
"g8195" 1 2 1 1 2 0 6 0 2 1
"g8196" 13 9 11 18 8 8 11 6 13 19
"g8197" 32 19 23 26 18 26 42 20 35 20
"g8198" 5 0 0 3 3 8 6 2 12 1
"g8199" 468 220 239 213 283 301 722 237 491 479
"g8200" 5 2 3 5 3 4 3 2 4 1
"g8201" 31 1 21 12 0 2 5 0 0 0
"g8202" 201 129 113 172 146 156 178 102 186 155
"g8203" 20 30 10 18 4 29 19 9 8 27
"g8204" 1 4 2 1 2 0 3 2 3 2
"g8205" 25 35 27 31 25 20 22 111 47 18
"g8206" 37 28 13 37 45 13 18 13 18 7
"g8207" 21 21 5 16 23 12 10 15 20 25
"g8208" 613 387 430 388 458 367 817 501 641 545
"g8209" 2 88 5 17 60 39 81 16 11 29
"g8210" 64 39 43 45 39 41 58 43 90 75
"g8211" 611 512 122 776 850 604 2474 862 629 1228
"g8212" 450 21 416 401 240 32 251 1153 308 167
"g8213" 1 1 2 5 2 2 0 4 2 5
"g8214" 313 143 126 200 82 210 284 186 163 156
"g8215" 129 143 68 148 131 121 329 119 114 105
"g8216" 3 2 11 14 8 0 6 4 3 8
"g8217" 269 11 124 57 215 18 5 224 130 208
"g8218" 150 102 132 298 123 183 169 266 370 307
"g8219" 3 6 0 2 14 5 7 9 10 0
"g8220" 10590 5089 6056 6129 6611 6229 8548 8671 8145 8771
"g8221" 34 2 34 5 24 10 0 7 41 135
"g8222" 99 178 72 172 218 121 161 185 87 162
"g8223" 685 419 490 594 554 399 911 612 922 573
"g8224" 6 0 0 2 1 2 1 1 1 1
"g8225" 43 3 13 106 60 5 75 61 28 35
"g8226" 1080 1753 1475 939 1181 1287 1584 1103 2748 1946
"g8227" 0 6 2 0 4 2 10 24 0 24
"g8228" 1357 1053 1814 1745 1853 1718 1571 1221 1640 1778
"g8229" 111 164 103 46 140 142 209 59 139 329
"g8230" 4 2 14 3 18 5 0 0 7 15
"g8231" 451 414 798 415 747 608 661 419 485 551
"g8232" 7 8 6 2 7 2 4 3 9 3
"g8233" 1275 797 706 669 892 706 1368 869 1291 729
"g8234" 3 0 1 0 2 2 1 1 2 10
"g8235" 2152 2539 2309 2526 1968 1978 3686 1671 3162 2752
"g8236" 74 66 45 86 97 89 96 65 102 61
"g8237" 1284 1039 1204 1206 1308 1534 1890 1138 1564 877
"g8238" 40 10 41 17 44 18 47 73 61 39
"g8239" 57 82 56 90 62 42 125 16 85 52
"g8240" 1711 994 1201 1213 1237 1182 1898 1062 1782 1864
"g8241" 1 3 2 0 0 6 4 4 0 3
"g8242" 264 156 311 253 338 186 273 125 253 226
"g8243" 313 291 235 257 201 223 255 192 259 217
"g8244" 617 461 504 441 314 218 573 285 393 450
"g8245" 189 97 136 215 308 272 310 109 223 108
"g8246" 6 2 12 10 5 12 22 7 4 22
"g8247" 37 32 30 38 35 28 67 38 46 29
"g8248" 222 108 46 19 14 44 464 32 502 68
"g8249" 200 145 123 87 143 68 257 135 177 236
"g8250" 283 204 451 266 420 301 491 214 341 272
"g8251" 21 14 16 15 9 11 62 10 42 8
"g8252" 140 63 66 180 45 58 86 60 98 127
"g8253" 7 2 0 2 3 2 1 3 2 2
"g8254" 0 0 0 0 0 10 0 1 4 0
"g8255" 12 6 8 12 1 13 7 12 11 19
"g8256" 4 0 0 0 0 0 0 1 0 0
"g8257" 1029 595 616 386 354 230 701 519 944 479
"g8258" 4 2 1 4 0 7 4 0 0 2
"g8259" 176 164 268 203 170 287 166 240 217 322
"g8260" 2978 5831 1936 4741 1905 4085 5519 5939 4651 6569
"g8261" 5363 2331 2632 1422 1618 3128 2568 2799 1884 3737
"g8262" 6349 3799 3502 5462 4334 3774 11570 4934 8146 4552
"g8263" 6 2 1 6 3 2 0 0 4 0
"g8264" 2082 958 2649 1566 1536 2247 1909 1149 3555 1578
"g8265" 6 1 0 5 2 0 6 7 6 4
"g8266" 8 46 32 88 58 180 82 11 134 21
"g8267" 93 47 78 57 77 59 109 102 33 100
"g8268" 19 18 12 26 7 14 9 8 15 3
"g8269" 3 3 3 4 5 2 2 10 6 6
"g8270" 3153 1515 1435 5141 3273 1861 2373 2988 3117 3904
"g8271" 6 2 1 3 6 1 5 4 7 7
"g8272" 998 900 793 617 379 1225 2366 1030 1335 23
"g8273" 3387 2579 2421 3046 2308 2912 4270 2642 3922 3583
"g8274" 94 69 56 49 82 75 87 74 92 35
"g8275" 1322 1135 1250 4050 2816 1830 3994 2350 1904 3707
"g8276" 96 87 86 79 65 31 370 19 309 27
"g8277" 780 1087 731 1387 580 1353 964 734 1858 890
"g8278" 541 643 510 503 262 325 874 463 726 324
"g8279" 1 2 3 1 2 3 1 7 0 1
"g8280" 247 62 79 228 139 226 128 95 163 18
"g8281" 20 26 34 2 6 7 0 26 1 26
"g8282" 2 13 6 12 4 32 19 12 7 11
"g8283" 1021 490 326 1433 539 1133 587 1093 579 1141
"g8284" 144 80 227 33 40 25 6 1 96 46
"g8285" 18 8 3 4 4 13 4 4 5 11
"g8286" 3 8 8 13 5 3 13 13 25 30
"g8287" 12 13 28 4 28 26 43 31 18 25
"g8288" 46 235 138 180 104 112 266 476 330 470
"g8289" 5 2 46 34 22 4 1 4 37 4
"g8290" 73 78 111 94 70 115 108 179 76 166
"g8291" 781 565 418 444 610 443 857 791 694 576
"g8292" 0 0 1 0 5 1 0 0 0 9
"g8293" 12 1 5 7 7 9 4 15 13 10
"g8294" 6 22 17 15 22 28 35 14 34 25
"g8295" 21 0 2 1 1 1 8 4 2 0
"g8296" 19 18 24 49 28 22 43 14 25 25
"g8297" 222 131 276 192 340 581 627 125 703 189
"g8298" 3 4 0 1 1 4 0 0 0 0
"g8299" 85 46 63 56 71 46 109 64 32 98
"g8300" 727 610 471 571 624 544 1051 539 724 500
"g8301" 3 3 5 3 7 6 5 3 11 7
"g8302" 253 284 141 312 228 214 360 200 236 128
"g8303" 20 31 37 36 29 46 35 41 78 38
"g8304" 82 6 26 29 6 16 29 67 27 5
"g8305" 16 0 11 3 8 38 3 7 31 10
"g8306" 164 255 374 415 207 180 342 198 334 319
"g8307" 2236 2006 2159 2554 1934 2153 3025 2308 3634 3354
"g8308" 1326 1583 1946 1350 944 1152 1846 2309 4006 1818
"g8309" 712 545 290 634 509 459 1317 304 998 834
"g8310" 3 0 0 1 2 0 2 7 0 0
"g8311" 22 1 2 0 0 28 1 0 15 0
"g8312" 45 20 62 24 63 37 46 32 37 59
"g8313" 7 0 4 28 0 0 37 0 0 3
"g8314" 284 1617 1002 426 319 981 1676 1534 1302 693
"g8315" 416 251 110 355 351 312 464 250 354 244
"g8316" 156 103 119 276 106 174 361 126 206 360
"g8317" 217 169 90 141 175 141 187 42 317 137
"g8318" 58 80 51 43 57 51 67 38 82 76
"g8319" 17 37 19 26 10 16 114 16 99 52
"g8320" 11 5 10 2 4 2 8 2 6 2
"g8321" 1331 1219 1324 531 1697 1605 1763 1145 2641 2831
"g8322" 412 368 772 272 438 825 467 745 512 858
"g8323" 60 27 15 25 31 63 2 46 63 43
"g8324" 2 6 2 3 5 15 10 1 9 8
"g8325" 331 278 217 292 236 261 212 121 251 225
"g8326" 109 78 182 161 65 146 115 186 287 220
"g8327" 21 6 3 3 3 0 8 1 3 0
"g8328" 1 3 1 1 2 0 1 0 1 5
"g8329" 1887 1784 1851 1614 2314 1653 3696 2164 2950 2163
"g8330" 292 208 204 155 187 209 412 166 256 298
"g8331" 629 111 4 243 356 251 218 227 3 248
"g8332" 1 6 7 2 7 4 8 2 8 6
"g8333" 801 675 730 784 847 729 952 648 730 878
"g8334" 50 51 78 33 84 60 153 69 69 30
"g8335" 96 82 74 124 95 104 169 50 128 53
"g8336" 1243 900 1209 981 622 892 1421 1104 1540 457
"g8337" 3413 2764 3148 2613 3412 2394 5209 3756 1641 2659
"g8338" 4765 2424 4339 3392 2111 2719 7352 2695 5382 3759
"g8339" 26 6 34 19 48 13 48 9 9 33
"g8340" 6172 376 1014 199 2910 901 1562 194 982 789
"g8341" 16 0 3 36 5 22 83 4 33 12
"g8342" 3918 4295 4926 5530 6758 3679 7490 5160 7178 6096
"g8343" 822 249 533 765 776 631 510 858 1021 536
"g8344" 2781 2379 3295 1837 2907 2483 3883 1603 3674 3767
"g8345" 131 84 190 87 138 133 103 118 191 125
"g8346" 1 7 6 6 1 14 40 5 3 8
"g8347" 457 256 258 435 471 358 544 456 604 369
"g8348" 877 672 849 705 571 568 1338 837 749 879
"g8349" 18 6 8 7 28 19 38 6 27 30
"g8350" 6698 2711 1327 3928 2474 4121 4090 516 3770 3311
"g8351" 13 2 30 22 21 34 2 15 2 0
"g8352" 13 11 12 12 8 27 3 19 22 19
"g8353" 23 21 27 32 21 19 39 40 27 46
"g8354" 48 122 28 44 88 94 78 65 37 50
"g8355" 2 0 0 1 5 3 2 0 9 8
"g8356" 1476 2540 2902 3385 1356 1605 2315 2265 6836 1139
"g8357" 1122 945 755 1436 938 731 848 1038 1399 1141
"g8358" 0 4 2 1 2 1 4 1 8 2
"g8359" 94 58 74 62 90 88 128 66 109 80
"g8360" 61 40 24 32 59 37 88 38 74 38
"g8361" 542 250 123 192 126 122 82 288 151 234
"g8362" 9 9 3 7 2 14 5 8 4 2
"g8363" 1 5 4 4 8 3 10 2 1 4
"g8364" 8 6 11 10 7 7 17 19 15 15
"g8365" 426 232 160 237 521 355 223 125 243 323
"g8366" 0 0 0 0 1 8 0 0 0 0
"g8367" 7 2 3 3 7 1 6 7 12 5
"g8368" 137 71 57 66 57 87 190 103 128 80
"g8369" 0 17 102 0 66 0 94 0 0 1
"g8370" 2685 959 1614 2936 818 1419 3488 1726 2624 2649
"g8371" 824 317 144 626 864 411 607 366 688 449
"g8372" 166 132 137 114 187 181 259 93 189 95
"g8373" 1324 965 1088 1001 1321 881 740 1258 2916 1379
"g8374" 700 381 653 864 316 1007 1910 251 1559 739
"g8375" 0 5 1 14 0 2 3 0 1 0
"g8376" 25 12 25 16 4 6 7 3 16 11
"g8377" 11 6 8 12 15 14 3 14 7 5
"g8378" 2901 2021 3049 2611 2967 1576 4805 2149 2319 1898
"g8379" 961 384 900 616 913 700 1069 604 1106 775
"g8380" 92 40 41 78 38 48 37 37 72 80
"g8381" 64 54 43 14 15 9 138 57 39 42
"g8382" 36 13 16 12 6 22 40 12 40 21
"g8383" 551 352 528 611 673 543 1090 510 901 595
"g8384" 100 99 46 83 158 113 73 77 144 202
"g8385" 3 1 5 0 2 0 3 2 1 0
"g8386" 30 11 33 28 5 4 24 7 20 9
"g8387" 1388 816 897 840 502 583 1395 1242 1180 777
"g8388" 13 11 12 11 3 16 42 19 17 13
"g8389" 12 7 13 6 1 8 7 6 15 14
"g8390" 338 105 180 290 102 176 441 122 555 160
"g8391" 1 3 3 4 7 1 1 3 0 1
"g8392" 4 21 17 6 3 12 12 5 7 8
"g8393" 1 1 0 11 4 3 17 4 5 12
"g8394" 749 641 538 418 363 729 738 429 787 489
"g8395" 64 131 32 120 318 437 24 135 65 302
"g8396" 19 37 24 27 77 25 65 30 68 45
"g8397" 15 35 20 36 14 21 30 10 38 17
"g8398" 0 0 0 0 0 0 6 1 15 0
"g8399" 23 1 13 2 0 4 0 2 16 0
"g8400" 111 51 43 211 397 377 462 191 192 172
"g8401" 90 475 162 467 23 109 170 570 7 157
"g8402" 0 0 6 4 0 0 0 25 1 0
"g8403" 640 305 902 500 441 356 582 292 569 734
"g8404" 4 1 0 1 0 0 1 6 1 24
"g8405" 1 6 14 1 3 6 4 4 6 9
"g8406" 61 56 96 81 67 114 140 42 93 67
"g8407" 15961 16038 11872 15028 18701 12240 25337 12478 20620 14153
"g8408" 5 4 4 8 3 3 1 2 10 6
"g8409" 78 13 34 69 47 56 75 63 57 68
"g8410" 7 6 5 2 3 3 9 2 8 1
"g8411" 7 0 0 2 2 2 0 0 0 3
"g8412" 606 261 356 277 345 276 492 362 470 320
"g8413" 9162 4283 5172 428 5449 25170 4968 5388 5806 2615
"g8414" 1941 1059 193 841 103 278 1399 1537 1370 32
"g8415" 91 83 38 58 73 58 74 56 117 56
"g8416" 999 803 813 569 677 637 1136 428 1179 1056
"g8417" 19 11 16 9 17 14 17 19 17 27
"g8418" 458 190 354 155 288 302 210 280 230 372
"g8419" 0 3 3 2 5 3 15 0 2 4
"g8420" 362 245 542 189 481 443 568 378 452 292
"g8421" 53 15 2 15 0 1 1 0 12 7
"g8422" 535 418 459 533 395 455 752 413 1004 535
"g8423" 580 705 588 495 515 594 1212 846 755 755
"g8424" 39 41 13 22 58 13 40 15 31 34
"g8425" 97 11 117 13 23 20 0 214 25 0
"g8426" 1698 1879 1344 1765 1424 1185 1507 1510 2239 1388
"g8427" 721 912 893 1053 1469 380 1497 911 1080 960
"g8428" 2313 874 996 1263 1165 1126 1509 1010 1885 2344
"g8429" 10 7 3 10 7 0 6 3 9 5
"g8430" 3127 2529 2426 3778 3710 2613 3832 3236 4811 4277
"g8431" 11 6 8 17 4 14 9 4 5 12
"g8432" 272 166 295 287 271 269 335 395 483 304
"g8433" 39 54 59 28 46 31 28 21 51 39
"g8434" 0 3 0 0 1 0 5 9 2 1
"g8435" 7901 9773 5064 6197 4685 9022 9062 3579 10714 7110
"g8436" 2 4 5 2 15 1 3 7 6 6
"g8437" 49 158 140 130 57 48 190 142 104 196
"g8438" 245 329 245 275 121 205 272 161 278 185
"g8439" 82 46 108 106 26 0 1 32 27 43
"g8440" 750 461 1329 613 1078 639 4943 1168 696 1397
"g8441" 1 9 10 38 7 7 23 19 4 0
"g8442" 70 81 16 17 3 42 74 34 67 20
"g8443" 8 16 83 43 47 93 50 223 140 97
"g8444" 1067 8194 1041 1730 315 99 361 2404 103 132
"g8445" 3840 3248 1087 3473 4496 3139 3123 2480 5946 5317
"g8446" 465 382 494 265 392 265 491 129 179 105
"g8447" 11 9 16 15 11 9 20 12 14 14
"g8448" 9 1 2 1 1 1 5 2 2 2
"g8449" 419 128 18 34 55 474 384 186 214 236
"g8450" 155 195 120 114 138 46 106 163 130 18
"g8451" 28 63 32 18 70 27 47 31 58 88
"g8452" 8 6 12 9 15 11 16 9 10 18
"g8453" 3 3 1 3 5 1 0 0 9 3
"g8454" 34 49 71 7 30 19 72 39 56 13
"g8455" 339 214 87 162 243 79 207 449 141 326
"g8456" 716 389 530 353 769 212 348 643 618 591
"g8457" 64 42 75 68 135 91 166 64 174 90
"g8458" 176 117 173 262 256 153 292 138 408 213
"g8459" 21 14 11 10 18 13 29 13 29 21
"g8460" 58 30 46 28 42 46 48 61 34 53
"g8461" 9 5 10 7 6 10 6 8 1 6
"g8462" 127 1 299 214 4 182 49 117 147 37
"g8463" 779 2006 1364 2512 1276 2650 2603 1649 948 4015
"g8464" 1251 825 570 691 791 447 894 631 1641 1330
"g8465" 8 6 20 19 25 24 11 2 5 3
"g8466" 1052 635 334 400 717 674 262 731 571 907
"g8467" 73 80 71 44 57 34 32 33 108 88
"g8468" 1 1 2 4 3 2 3 1 2 3
"g8469" 259 247 217 251 441 176 417 338 380 271
"g8470" 28 24 41 70 14 44 85 31 80 97
"g8471" 132 22 157 50 0 12 39 42 86 92
"g8472" 1217 1213 1056 1215 662 679 1431 756 1597 1086
"g8473" 175 63 111 200 161 133 243 131 149 122
"g8474" 15 2 36 114 0 17 7 4 15 10
"g8475" 82 2 64 3 2 17 94 42 156 49
"g8476" 35 182 220 33 112 78 224 131 297 199
"g8477" 2 3 6 8 3 3 4 5 5 3
"g8478" 67 49 63 77 77 102 73 48 88 80
"g8479" 21 8 8 20 33 8 32 30 31 13
"g8480" 540 304 460 474 358 303 553 331 375 485
"g8481" 9 0 0 9 1 10 1 0 0 4
"g8482" 7588 4200 3011 5171 3952 2765 5145 3597 8359 5656
"g8483" 3 2 10 0 0 0 0 0 0 14
"g8484" 111 49 57 91 101 89 156 82 181 114
"g8485" 31 38 28 27 21 12 30 25 59 54
"g8486" 0 3 1 4 5 19 18 0 1 17
"g8487" 216 21 521 218 43 338 214 175 253 203
"g8488" 8 3 0 6 3 1 4 1 1 1
"g8489" 183 122 154 101 186 199 40 175 215 108
"g8490" 9870 3362 5159 5933 5165 5215 6989 4435 9868 6329
"g8491" 342 356 714 894 706 736 2072 198 873 250
"g8492" 16 14 18 23 31 14 30 25 24 49
"g8493" 4 0 233 0 1 0 0 0 0 39
"g8494" 5 21 15 43 13 1 18 3 2 23
"g8495" 352 76 343 209 189 90 197 219 365 421
"g8496" 1 0 0 0 0 18 0 0 0 1
"g8497" 7 7 3 1 3 4 30 6 7 0
"g8498" 5 6 13 4 20 1 25 2 13 7
"g8499" 1 0 0 1 0 3 1 1 0 2
"g8500" 1582 967 624 815 762 969 1226 1275 1103 828
"g8501" 73 53 51 62 23 41 110 51 52 31
"g8502" 9449 6177 6052 7829 5648 5674 11353 3447 7034 3287
"g8503" 33 5 2 9 8 4 16 0 7 0
"g8504" 37 52 13 38 49 42 29 34 18 66
"g8505" 1 0 0 12 41 0 3 0 0 0
"g8506" 13 15 11 19 7 6 13 12 19 8
"g8507" 1391 951 1023 1033 1233 957 1241 1125 1549 1035
"g8508" 367 135 433 102 678 189 480 284 545 169
"g8509" 244 232 173 258 425 322 533 176 210 374
"g8510" 2345 1053 1474 1544 1497 888 2916 1942 3605 1509
"g8511" 1525 698 933 1247 933 1402 1773 840 1102 1169
"g8512" 2899 2727 1702 4863 2920 3408 3213 4874 4319 4338
"g8513" 11 26 38 67 5 4 43 15 29 36
"g8514" 1884 771 761 1112 1433 1024 1059 1098 721 610
"g8515" 235 235 194 74 255 238 168 316 468 274
"g8516" 301 354 264 210 567 297 508 169 296 322
"g8517" 2 1 1 3 0 1 6 1 3 6
"g8518" 50 21 10 39 1 31 12 46 34 32
"g8519" 37 2 16 23 26 15 7 6 29 34
"g8520" 1319 754 1282 969 1395 544 897 983 483 907
"g8521" 318 152 332 161 256 402 534 464 326 371
"g8522" 2204 995 1551 2900 2809 2258 1950 2155 2784 1836
"g8523" 0 2 0 0 1 0 1 3 2 1
"g8524" 61 38 37 57 52 67 66 15 53 40
"g8525" 0 0 0 5 2 3 4 0 5 5
"g8526" 323 159 210 171 125 223 167 159 316 188
"g8527" 1333 443 421 472 628 253 639 575 568 732
"g8528" 134 120 93 45 136 99 129 119 119 62
"g8529" 467 262 156 416 421 348 376 281 656 411
"g8530" 2903 2493 876 1531 4870 1428 3021 1565 2281 1594
"g8531" 3 2 6 1 2 1 1 8 2 2
"g8532" 186 168 167 89 183 111 255 130 217 156
"g8533" 253 155 139 267 153 166 294 206 315 183
"g8534" 19 10 31 20 32 12 35 13 19 6
"g8535" 0 0 0 5 0 6 0 4 0 0
"g8536" 1043 1691 839 1043 833 616 1890 937 631 564
"g8537" 1 0 0 4 0 1 0 2 0 3
"g8538" 17 6 7 2 5 8 4 9 12 14
"g8539" 133 77 114 71 13 164 172 58 102 32
"g8540" 3819 1966 3489 2662 2496 3632 10205 5602 2434 3751
"g8541" 9 1 6 6 6 8 10 9 8 10
"g8542" 5 2 4 4 2 5 4 5 0 1
"g8543" 140 43 51 40 33 74 84 79 212 100
"g8544" 533 724 719 951 669 804 760 630 1192 710
"g8545" 129 115 222 71 110 138 333 161 118 94
"g8546" 3134 1803 2174 3243 2364 2157 4236 2184 4353 3340
"g8547" 301 222 193 121 310 171 326 251 254 319
"g8548" 17 12 25 24 75 0 32 0 81 29
"g8549" 36 15 3 38 60 62 48 23 124 41
"g8550" 1138 1973 976 923 707 367 2020 307 1129 975
"g8551" 4 1 3 5 4 5 13 3 10 0
"g8552" 3686 5792 2837 2571 5356 5382 6125 3915 4238 6051
"g8553" 8 23 20 23 33 99 31 34 28 69
"g8554" 16 32 63 37 6 18 86 39 24 95
"g8555" 2154 1725 1266 1826 1982 1524 2256 1723 2636 1526
"g8556" 1375 943 871 1074 1235 1025 2354 973 1383 1882
"g8557" 141 125 714 253 59 352 163 170 550 299
"g8558" 174 149 218 91 184 273 385 159 262 41
"g8559" 87 30 16 21 30 30 30 5 3 22
"g8560" 5714 3100 2136 4599 2468 1256 2952 2812 4564 2243
"g8561" 43 39 58 62 61 37 75 61 87 59
"g8562" 0 9 5 7 3 5 10 12 21 6
"g8563" 282 191 340 285 278 401 304 321 277 488
"g8564" 1560 1057 1171 1056 1314 872 1150 1238 1434 1152
"g8565" 6 4 13 15 10 8 11 8 11 4
"g8566" 3 8 17 5 11 10 14 6 21 13
"g8567" 258 221 334 235 186 273 395 408 308 332
"g8568" 14 13 31 12 23 26 40 8 38 16
"g8569" 2 1 46 3 3 0 7 0 3 0
"g8570" 72 61 52 42 75 47 98 41 97 68
"g8571" 2053 511 902 485 954 1222 2982 1529 956 1735
"g8572" 14 9 9 10 9 5 8 28 21 47
"g8573" 3892 1741 1950 2407 2178 1500 3421 1771 3122 4029
"g8574" 145 1071 517 431 452 561 1658 735 387 487
"g8575" 212 428 283 221 446 434 640 189 781 779
"g8576" 536 364 51 193 319 143 716 140 171 705
"g8577" 0 5 0 0 1 0 0 0 9 0
"g8578" 3 17 0 3 6 7 18 17 15 7
"g8579" 0 0 0 0 0 0 19 0 0 1
"g8580" 81 24 16 29 20 38 57 69 1 41
"g8581" 1236 700 932 891 1162 817 1863 1059 1051 991
"g8582" 19 32 41 9 39 16 38 26 72 75
"g8583" 67 50 45 21 72 42 39 28 79 63
"g8584" 18 10 56 40 25 20 12 16 46 72
"g8585" 706 260 308 406 548 431 602 440 1073 468
"g8586" 2251 673 542 1028 1061 838 1166 1183 1053 998
"g8587" 221 134 148 201 484 418 1274 422 168 114
"g8588" 142 244 177 191 178 309 617 229 164 150
"g8589" 2550 1472 1966 1861 1242 1939 2924 1225 2100 2781
"g8590" 184 213 122 272 145 62 194 93 185 168
"g8591" 451 622 494 471 261 503 671 369 931 954
"g8592" 257 112 208 471 400 263 476 917 387 240
"g8593" 4 12 28 22 19 18 7 17 34 2
"g8594" 541 936 1678 1270 903 1813 565 682 776 1137
"g8595" 871 703 836 867 800 483 1288 976 1622 1298
"g8596" 222 160 203 153 149 224 380 149 328 205
"g8597" 594 152 118 217 277 486 502 333 477 499
"g8598" 40 21 20 24 35 24 47 33 30 33
"g8599" 1666 970 1422 1101 1502 1482 2007 1546 1893 1563
"g8600" 1574 927 857 843 494 742 1508 552 1542 961
"g8601" 0 0 0 5 0 2 0 0 1 2
"g8602" 1960 625 899 1094 1338 1066 1842 830 1425 1258
"g8603" 8013 5162 1067 5992 1561 4332 20964 1488 874 5822
"g8604" 430 336 143 337 182 270 590 232 443 480
"g8605" 109 90 85 64 151 107 112 76 95 60
"g8606" 5228 3773 4037 3066 3063 2841 6121 2566 6580 4063
"g8607" 2 8 7 7 6 2 1 12 7 9
"g8608" 4833 4836 4312 3347 4238 7549 3965 4205 5992 5197
"g8609" 6 4 1 2 14 12 5 0 12 5
"g8610" 120 44 108 184 95 49 171 28 93 137
"g8611" 1425 1028 1115 433 453 899 1429 605 237 621
"g8612" 2029 2239 738 577 561 641 546 530 949 231
"g8613" 1344 899 1013 829 1240 1044 1117 835 1259 1295
"g8614" 2049 1000 1157 1537 2241 1222 2366 1495 2470 1495
"g8615" 35 46 74 63 63 20 49 35 56 2
"g8616" 117 86 27 32 108 166 366 84 131 95
"g8617" 884 691 757 715 661 447 1537 666 962 887
"g8618" 30 36 74 1 48 37 15 35 26 19
"g8619" 2267 1840 3125 1926 2352 1588 6122 2044 2347 2450
"g8620" 382 379 305 576 543 417 541 284 564 454
"g8621" 40 63 67 25 57 6 39 0 16 41
"g8622" 294 185 318 57 118 133 69 343 355 141
"g8623" 1924 1900 2644 1615 2011 2076 1528 1641 1875 2211
"g8624" 405 115 107 284 546 125 463 229 362 128
"g8625" 134 62 67 93 85 61 123 86 195 85
"g8626" 81 108 103 91 81 83 134 73 180 109
"g8627" 32 16 10 14 17 14 15 20 26 16
"g8628" 1151 1357 917 995 1823 1433 2117 863 3293 1385
"g8629" 397 198 61 498 947 393 358 725 25 10
"g8630" 798 501 435 564 621 751 980 816 998 582
"g8631" 1082 769 894 1420 1169 633 1374 1483 1798 2614
"g8632" 615 479 672 197 409 499 862 506 279 727
"g8633" 112 83 162 208 246 130 255 302 201 107
"g8634" 0 0 0 0 0 1 0 0 0 0
"g8635" 209 298 209 267 165 158 338 195 325 312
"g8636" 296 134 189 215 130 174 329 334 393 320
"g8637" 5424 6186 4964 7353 4794 3734 11523 5685 10316 6183
"g8638" 5975 3696 7316 5122 4241 3212 8827 4604 6659 5781
"g8639" 158 53 61 118 128 101 113 59 121 89
"g8640" 0 3 0 0 0 0 0 11 0 2
"g8641" 40 15 11 23 15 68 25 14 38 28
"g8642" 0 0 0 0 2 6 0 0 2 3
"g8643" 0 25 1 1 17 10 3 8 0 0
"g8644" 4848 3661 2524 3487 2396 2315 8745 3439 5323 3405
"g8645" 193 98 116 154 268 148 147 87 282 199
"g8646" 10 5 2 0 3 0 0 12 5 2
"g8647" 235 427 375 200 291 359 200 240 219 353
"g8648" 440 331 228 241 337 264 626 333 444 436
"g8649" 554 465 344 522 231 237 697 808 233 348
"g8650" 705 985 458 918 1619 902 1728 1332 1222 1642
"g8651" 3 14 10 0 0 4 5 5 3 9
"g8652" 2523 899 990 1357 1809 1686 1039 1521 2163 901
"g8653" 785 260 366 142 520 247 606 194 398 138
"g8654" 55 66 35 32 42 93 52 49 42 105
"g8655" 88 45 67 71 62 59 139 43 61 62
"g8656" 965 307 460 418 435 114 378 257 626 409
"g8657" 1894 1704 1632 1692 870 1516 2529 805 1750 2219
"g8658" 0 7 0 9 2 14 0 0 18 0
"g8659" 8 3 2 0 4 2 18 3 7 2
"g8660" 15 25 25 25 92 103 0 13 7 7
"g8661" 15 1 6 4 3 4 7 4 4 3
"g8662" 30 34 28 22 32 19 76 15 50 33
"g8663" 3673 2135 2867 3120 1506 2920 3753 1661 4174 2472
"g8664" 0 0 1 0 12 1 3 4 0 1
"g8665" 931 350 331 825 812 372 786 441 598 628
"g8666" 567 223 256 343 248 339 619 408 518 486
"g8667" 0 0 5 4 1 0 1 0 1 8
"g8668" 0 23 21 1 18 27 11 9 4 0
"g8669" 1 0 0 2 0 0 16 0 3 1
"g8670" 386 553 345 402 718 269 649 256 211 230
"g8671" 0 0 1 1 0 2 0 1 3 2
"g8672" 78 20 10 49 17 88 119 34 40 66
"g8673" 172 107 96 58 221 86 210 107 247 176
"g8674" 89 115 64 46 128 75 146 58 189 93
"g8675" 136 88 186 70 291 76 223 157 153 144
"g8676" 725 281 669 861 1073 818 1613 813 1310 795
"g8677" 22 48 45 85 126 40 236 57 88 324
"g8678" 8 6 4 3 2 6 6 6 3 6
"g8679" 75 34 45 85 115 63 99 111 122 80
"g8680" 277 225 186 491 600 92 609 169 192 751
"g8681" 52 28 56 65 3 10 116 34 0 34
"g8682" 2756 1297 1147 3072 1978 1769 2751 867 1640 2186
"g8683" 184 102 121 113 299 257 373 186 139 167
"g8684" 1522 1872 2422 2075 2169 1854 2668 1900 1476 2153
"g8685" 2602 2033 800 1098 1397 1900 2287 788 2148 1654
"g8686" 5 1 2 0 6 1 3 1 5 4
"g8687" 79 41 52 83 103 55 129 53 109 43
"g8688" 113 132 98 53 208 82 107 281 107 178
"g8689" 6 11 10 5 7 4 28 2 11 5
"g8690" 315 151 262 175 256 155 99 58 167 455
"g8691" 5600 3800 3817 3059 3551 3487 6634 2594 4174 2312
"g8692" 76 250 526 114 255 238 504 225 399 1534
"g8693" 539 330 455 386 421 608 581 515 630 251
"g8694" 2 0 0 10 0 0 2 7 0 0
"g8695" 513 241 359 484 691 549 957 33 487 454
"g8696" 676 501 513 585 538 399 791 517 686 595
"g8697" 6 14 0 2 35 30 28 1 50 39
"g8698" 11 0 1 0 5 8 5 3 7 2
"g8699" 7 0 6 2 6 7 9 1 7 13
"g8700" 84 640 493 291 237 293 467 229 692 229
"g8701" 576 742 898 758 723 483 694 655 548 958
"g8702" 910 736 807 624 921 907 1617 836 1076 571
"g8703" 7 8 7 5 10 7 10 10 13 5
"g8704" 39 10 33 37 47 32 80 22 63 45
"g8705" 1274 928 873 886 1062 783 626 644 1480 1709
"g8706" 21 15 25 22 31 38 32 25 21 53
"g8707" 352 148 88 190 164 95 130 160 321 245
"g8708" 11 6 29 13 7 10 17 15 24 18
"g8709" 1519 878 957 1481 790 724 1249 726 2108 1102
"g8710" 517 284 304 257 469 261 328 353 597 529
"g8711" 20 3 7 59 1 0 254 16 6 0
"g8712" 16 13 13 19 38 8 10 20 22 7
"g8713" 17 17 11 22 4 17 7 26 7 13
"g8714" 19 9 11 11 8 12 11 4 11 15
"g8715" 6757 5501 8290 7512 8948 6086 10814 10438 8758 7133
"g8716" 2638 1058 1390 2333 824 1020 3413 1780 1495 2549
"g8717" 272 305 187 205 191 166 134 211 244 413
"g8718" 2 8 1 6 4 0 9 0 2 4
"g8719" 945 857 1008 656 894 793 1263 979 1246 721
"g8720" 423 221 247 441 281 458 422 214 453 594
"g8721" 253 246 145 175 139 238 356 306 261 295
"g8722" 4964 5257 3051 5456 4163 2169 6994 3173 6907 3977
"g8723" 394 261 356 699 233 243 450 377 376 1262
"g8724" 52 60 52 63 76 91 42 23 134 60
"g8725" 591 329 597 449 452 588 617 547 668 858
"g8726" 36 4 11 1 16 16 45 6 20 6
"g8727" 1 6 0 41 10 7 38 4 7 15
"g8728" 84 57 33 29 25 32 16 43 114 87
"g8729" 161 31 274 272 366 294 290 574 172 157
"g8730" 267 235 257 670 1505 106 755 282 559 786
"g8731" 104 37 36 53 59 70 77 61 84 60
"g8732" 19663 4218 4765 26508 7019 16840 45532 17309 12957 17908
"g8733" 0 0 204 468 993 89 325 0 5 46
"g8734" 24 6 10 16 6 15 17 7 14 16
"g8735" 93 22 81 63 117 69 110 51 27 44
"g8736" 89 8 13 114 26 4 2 0 18 25
"g8737" 1492 1596 1397 1930 1975 1217 2106 913 1611 2030
"g8738" 665 204 129 317 414 452 491 378 567 311
"g8739" 31 0 20 4 11 8 16 7 60 50
"g8740" 59 85 49 157 58 123 140 152 109 79
"g8741" 357 1073 328 175 365 612 584 669 719 77
"g8742" 156 0 1 2 2 48 5 0 6 34
"g8743" 992 581 997 833 835 923 1414 818 888 736
"g8744" 5 4 6 3 6 2 7 5 1 5
"g8745" 0 6 2 3 2 4 9 0 2 4
"g8746" 576 486 409 516 360 317 589 548 370 545
"g8747" 13 20 16 31 9 25 24 9 33 11
"g8748" 228 67 24 132 257 286 187 177 200 15
"g8749" 24 17 6 13 52 21 72 15 47 30
"g8750" 54 9 18 23 9 7 10 7 7 21
"g8751" 711 318 373 252 230 249 460 876 582 293
"g8752" 253 195 194 268 138 131 308 205 336 203
"g8753" 90 144 203 297 147 212 277 124 331 123
"g8754" 36 0 12 6 44 4 48 129 346 127
"g8755" 337 285 17 99 208 180 123 261 275 109
"g8756" 142 221 68 129 76 64 319 121 85 286
"g8757" 172 105 208 174 221 67 217 85 235 141
"g8758" 18 0 13 0 0 0 0 0 5 6
"g8759" 52 17 26 15 31 23 59 47 17 30
"g8760" 312 195 145 245 76 236 266 99 274 277
"g8761" 1770 1110 773 1037 803 759 1523 976 984 434
"g8762" 2383 768 699 1438 2179 2467 1944 1208 3204 2091
"g8763" 92 29 36 48 48 43 58 55 50 31
"g8764" 140 230 178 129 229 195 285 126 152 78
"g8765" 452 125 421 245 161 297 61 56 268 568
"g8766" 11 12 16 21 26 18 49 6 20 22
"g8767" 2335 1440 1690 1477 1400 1893 2275 2094 1725 1467
"g8768" 244 458 96 607 461 919 1761 501 769 460
"g8769" 17 14 4 11 2 6 14 12 9 13
"g8770" 1122 565 647 997 991 530 1167 952 1188 1072
"g8771" 8 2 1 2 4 6 7 3 1 0
"g8772" 1109 523 912 918 926 971 1482 1022 1455 866
"g8773" 3439 2680 3033 2810 3530 3914 6280 3782 5195 4002
"g8774" 68 226 181 105 138 153 137 41 17 28
"g8775" 431 168 208 339 135 259 278 588 657 228
"g8776" 67 72 21 57 96 65 70 35 74 37
"g8777" 950 617 629 567 847 357 542 641 679 711
"g8778" 1828 1147 1591 4431 1031 2057 2094 487 1837 1810
"g8779" 32 52 28 43 49 41 59 81 84 38
"g8780" 13 0 1 4 5 4 13 2 18 5
"g8781" 1 4 16 8 1 1 9 18 4 2
"g8782" 540 257 322 423 409 389 471 230 801 340
"g8783" 107 48 49 47 52 39 107 24 97 56
"g8784" 10 4 1 5 8 2 8 4 9 3
"g8785" 89 21 47 36 64 60 52 70 22 93
"g8786" 78 65 95 77 117 99 156 96 91 47
"g8787" 363 177 531 272 184 159 291 276 577 446
"g8788" 7 3 2 0 2 3 3 7 2 2
"g8789" 48 51 110 20 50 92 138 53 63 19
"g8790" 1123 1155 853 1107 826 1378 995 277 1488 630
"g8791" 47 73 94 94 47 28 116 105 70 32
"g8792" 67 57 68 80 42 87 50 52 91 70
"g8793" 129 89 120 297 100 86 643 203 199 102
"g8794" 143 86 95 80 93 125 148 100 119 116
"g8795" 229 194 178 145 143 376 484 184 202 184
"g8796" 8784 4308 7589 13286 8414 6712 12289 4745 10771 8351
"g8797" 355 591 278 507 327 344 573 420 380 571
"g8798" 43 6 15 28 5 12 52 18 17 21
"g8799" 79 22 65 28 22 15 74 39 8 76
"g8800" 91 67 63 133 132 105 64 93 159 108
"g8801" 46 53 31 52 32 51 79 15 33 18
"g8802" 5 44 56 1 25 54 7 21 34 21
"g8803" 2997 837 172 1473 1462 1576 1996 1494 869 1426
"g8804" 28 47 45 16 69 75 14 27 98 36
"g8805" 38 56 18 32 32 70 185 36 235 140
"g8806" 2130 1447 1000 808 1092 1254 1241 1207 2765 1136
"g8807" 222 206 197 196 127 142 217 246 297 332
"g8808" 6 19 5 11 77 18 0 13 0 67
"g8809" 182 102 145 135 233 234 254 250 315 217
"g8810" 333 24 396 30 560 147 519 137 354 219
"g8811" 601 435 339 299 387 317 831 321 644 502
"g8812" 1143 1510 490 1201 1256 729 1415 1067 1242 1829
"g8813" 104 67 171 112 89 29 149 162 105 68
"g8814" 7 79 35 415 31 16 188 6 39 162
"g8815" 557 390 379 421 290 470 449 248 465 456
"g8816" 1 9 1 11 27 1 20 15 3 17
"g8817" 9 5 3 10 6 3 7 8 5 5
"g8818" 2073 932 1062 1405 1643 1620 2179 902 1785 1747
"g8819" 7 20 20 27 1 8 3 15 17 8
"g8820" 27 16 7 14 14 16 20 11 11 0
"g8821" 270 283 379 182 306 221 311 298 388 347
"g8822" 128 116 119 156 113 96 198 55 115 129
"g8823" 359 276 201 175 365 242 349 228 489 424
"g8824" 388 283 79 94 126 130 313 114 274 398
"g8825" 632 434 461 461 369 499 766 433 566 520
"g8826" 236 31 44 39 44 105 59 131 153 87
"g8827" 15 10 13 4 5 16 15 21 3 26
"g8828" 1048 539 840 382 656 886 1593 827 831 1133
"g8829" 7064 4706 5787 5939 6180 5820 4589 5037 8358 5379
"g8830" 3 27 3 0 4 0 0 0 0 5
"g8831" 620 142 367 323 313 508 562 312 732 474
"g8832" 612 366 1196 149 441 522 559 720 335 368
"g8833" 0 2 0 0 0 28 0 2 0 0
"g8834" 87 61 23 44 44 41 46 29 98 55
"g8835" 3 1 7 0 5 3 18 2 0 12
"g8836" 942 318 866 683 1109 485 404 577 2129 1009
"g8837" 48 58 35 87 65 51 59 53 79 63
"g8838" 153 95 205 118 152 235 178 158 500 174
"g8839" 2523 2200 1926 1951 2985 1940 3517 2531 2789 2242
"g8840" 9 46 25 15 21 16 6 44 11 97
"g8841" 53 58 53 22 117 34 150 172 216 168
"g8842" 231 153 221 207 186 111 284 159 292 189
"g8843" 3894 3934 4592 5146 6115 6909 6257 4728 11213 4614
"g8844" 5 2 7 3 3 2 4 1 3 0
"g8845" 44 22 27 46 31 24 42 18 38 53
"g8846" 3970 1260 2792 1177 1889 1985 3345 783 4353 688
"g8847" 43 13 46 21 23 14 56 3 31 41
"g8848" 4 1 3 5 4 1 1 2 8 3
"g8849" 98 81 176 25 310 171 115 145 97 46
"g8850" 14 11 2 10 7 6 5 0 17 5
"g8851" 214 56 60 122 55 37 71 37 54 40
"g8852" 20 0 12 2 6 41 39 9 1 0
"g8853" 23 23 13 20 23 26 44 15 31 18
"g8854" 2 5 3 10 1 3 4 1 4 15
"g8855" 567 327 201 492 257 853 294 256 678 469
"g8856" 524 636 577 500 618 482 343 620 461 634
"g8857" 875 600 475 617 533 781 689 676 657 845
"g8858" 105 130 91 172 114 137 151 156 83 100
"g8859" 2740 1440 1324 2212 1471 1562 3761 1888 4304 1498
"g8860" 0 1 12 2 2 4 41 8 5 8
"g8861" 594 608 700 866 1120 480 1333 535 1301 1601
"g8862" 3 3 2 3 4 0 0 1 5 1
"g8863" 6845 4173 4722 6831 3597 2813 4725 2003 6358 3935
"g8864" 131 93 126 53 67 89 211 89 222 64
"g8865" 847 365 508 468 812 462 943 364 471 451
"g8866" 11 7 2 17 7 22 19 4 6 14
"g8867" 185 22 0 1 12 10 58 4 34 1
"g8868" 654 460 642 309 742 264 325 309 389 438
"g8869" 8 6 3 3 1 1 5 2 1 7
"g8870" 400 128 288 218 325 122 274 317 341 218
"g8871" 2517 2022 2511 2039 2152 2368 5529 3355 3298 4368
"g8872" 98 39 70 81 35 88 121 71 63 57
"g8873" 125 56 117 85 122 120 214 92 143 110
"g8874" 32 24 6 14 5 9 70 7 14 40
"g8875" 1 6 6 4 4 2 0 6 2 1
"g8876" 1239 1136 1414 1346 1340 1185 1865 1303 2157 1490
"g8877" 250 12 53 32 99 146 29 39 17 77
"g8878" 300 92 165 171 152 112 215 267 107 87
"g8879" 1220 882 661 824 538 588 737 582 729 345
"g8880" 306 250 222 255 285 372 250 127 441 380
"g8881" 5294 2798 4480 4600 2525 4983 6033 4393 6872 4662
"g8882" 5574 5105 6946 4098 7109 4851 7523 5440 5738 8054
"g8883" 38 48 15 28 49 45 93 41 7 52
"g8884" 280 135 168 250 254 226 293 120 231 193
"g8885" 1080 494 542 689 530 726 821 505 447 730
"g8886" 8 49 55 34 36 18 75 34 58 73
"g8887" 1793 1204 1256 1172 1580 1586 1449 1371 2479 1473
"g8888" 249 168 152 166 196 187 204 249 186 167
"g8889" 43 5 18 96 12 0 14 21 33 42
"g8890" 20 34 25 81 36 66 91 17 37 37
"g8891" 3 6 6 0 0 3 0 0 3 4
"g8892" 0 0 1 1 3 3 1 0 4 4
"g8893" 8 0 0 0 0 0 1 0 0 0
"g8894" 2 5 9 0 11 13 2 11 10 0
"g8895" 124 68 157 171 48 38 16 50 83 166
"g8896" 19 1 8 26 6 15 33 5 3 7
"g8897" 959 940 729 333 429 1134 765 332 549 507
"g8898" 507 502 441 412 523 512 514 538 587 510
"g8899" 105 59 161 57 94 82 157 130 60 86
"g8900" 8 1 6 5 11 9 13 5 20 14
"g8901" 169 326 330 176 345 285 278 260 291 291
"g8902" 93 79 111 31 108 94 230 58 103 91
"g8903" 253 170 229 124 139 159 229 140 159 76
"g8904" 22 50 4 19 9 4 50 19 15 21
"g8905" 2376 2491 1295 2364 1474 1370 1039 1588 1905 1494
"g8906" 221 160 85 173 131 117 175 118 208 147
"g8907" 7 0 2 3 5 3 0 7 2 1
"g8908" 33 87 18 153 236 22 257 38 19 34
"g8909" 36 37 14 33 35 16 42 27 44 28
"g8910" 10 8 6 8 8 8 13 3 18 11
"g8911" 2 1 7 4 6 0 10 6 4 2
"g8912" 1 2 3 5 9 6 14 7 10 3
"g8913" 121 107 120 50 70 67 124 54 85 76
"g8914" 115 51 61 52 116 100 102 63 101 260
"g8915" 172 133 53 171 505 191 249 200 30 156
"g8916" 3 2 2 0 0 2 5 0 2 0
"g8917" 1384 1464 945 1178 947 1383 1650 664 1698 1518
"g8918" 10 10 9 2 6 19 18 10 24 3
"g8919" 15632 8417 10677 12112 9342 7679 17841 12677 13141 16022
"g8920" 295 348 312 685 140 376 858 377 650 376
"g8921" 378 152 285 161 330 159 269 186 187 209
"g8922" 3701 1302 305 804 760 759 4262 1297 1252 2343
"g8923" 824 1155 1069 692 624 990 909 1534 1215 571
"g8924" 177 77 44 70 77 42 117 19 224 433
"g8925" 3160 848 2488 2017 3035 2372 2890 1311 1285 2300
"g8926" 276 246 61 126 279 229 122 59 243 211
"g8927" 639 397 401 533 356 412 731 440 526 636
"g8928" 1021 696 692 731 571 917 629 903 978 325
"g8929" 6 6 8 11 13 3 9 2 10 7
"g8930" 3354 1206 2517 2532 2195 2065 2446 2156 3437 2575
"g8931" 37 58 16 34 32 56 25 16 64 20
"g8932" 3 1 3 5 3 1 4 0 5 4
"g8933" 696 1309 668 1331 1184 839 1611 943 1651 1368
"g8934" 639 235 304 312 269 478 553 481 597 393
"g8935" 970 404 581 707 292 478 392 637 1135 966
"g8936" 42 28 32 35 102 88 90 22 69 25
"g8937" 280 165 247 147 182 275 317 241 279 256
"g8938" 444 294 219 242 306 316 391 197 432 281
"g8939" 567 280 469 555 463 552 465 441 544 301
"g8940" 898 573 370 1021 579 540 1039 466 1466 502
"g8941" 4210 1375 1996 1068 1774 2942 2903 1713 1973 3033
"g8942" 2 9 1 0 9 7 0 1 0 1
"g8943" 89 198 102 69 67 206 254 347 303 197
"g8944" 1829 990 1469 1792 1973 793 3648 1388 1764 1430
"g8945" 679 1168 885 777 844 844 1792 1445 1407 1592
"g8946" 21 8 8 1 6 7 48 3 10 17
"g8947" 3 5 8 5 13 8 10 19 15 7
"g8948" 341 337 378 380 231 409 423 555 265 416
"g8949" 338 181 118 238 204 274 269 258 329 412
"g8950" 1 3 0 0 0 3 2 2 3 4
"g8951" 21 32 27 9 16 10 37 21 16 20
"g8952" 27 9 29 16 37 5 23 12 35 21
"g8953" 62 26 48 85 96 77 92 54 54 137
"g8954" 361 220 451 286 285 196 537 215 211 199
"g8955" 28 12 1 5 8 6 7 0 18 23
"g8956" 412 278 304 337 340 306 208 482 270 826
"g8957" 0 1 1 5 7 1 0 21 0 0
"g8958" 5 0 4 4 10 2 4 3 18 17
"g8959" 2058 946 1396 1039 1241 1675 801 1034 972 1963
"g8960" 1 15 18 1 1 1 11 2 4 6
"g8961" 2130 508 1014 1411 911 625 999 889 1833 803
"g8962" 0 0 0 0 7 0 1 7 2 0
"g8963" 114 62 50 155 225 134 174 86 134 119
"g8964" 2 0 2 2 0 5 2 4 7 3
"g8965" 0 31 51 4 41 1 42 5 15 6
"g8966" 356 245 427 280 213 376 500 178 414 359
"g8967" 1951 399 505 1653 1122 223 1596 660 812 698
"g8968" 399 290 344 246 417 239 372 270 226 266
"g8969" 73 27 64 25 61 33 55 40 60 58
"g8970" 2 4 7 18 1 2 2 8 15 16
"g8971" 36 26 30 14 27 29 52 29 30 44
"g8972" 99 57 3 30 7 22 16 5 12 36
"g8973" 8 4 3 12 13 6 17 5 23 5
"g8974" 248 368 338 325 266 275 547 436 804 647
"g8975" 1954 1388 1186 1853 1749 778 783 322 990 2115
"g8976" 16 2 6 19 8 5 11 2 5 10
"g8977" 438 357 334 546 171 357 556 272 470 257
"g8978" 885 664 780 915 873 760 1056 697 985 936
"g8979" 2 2 2 4 7 1 5 5 3 3
"g8980" 3 11 9 2 3 6 1 0 2 5
"g8981" 414 382 351 393 220 248 856 346 332 386
"g8982" 2 21 12 2 8 16 33 15 19 0
"g8983" 2412 1976 812 2197 1998 2105 3415 2040 3356 1689
"g8984" 939 482 328 614 207 451 517 87 906 886
"g8985" 9865 7092 5834 7261 9303 9127 12921 5055 10815 6009
"g8986" 298 87 164 199 90 336 543 144 259 360
"g8987" 18 17 8 15 31 36 39 24 4 11
"g8988" 35491 24841 21344 22879 34508 28752 32566 31144 38294 30406
"g8989" 51 31 19 8 5 13 16 30 40 26
"g8990" 418 250 276 426 251 266 338 340 332 451
"g8991" 25 14 8 7 28 9 27 19 23 26
"g8992" 988 1009 829 808 664 859 1268 1086 905 851
"g8993" 10 2 0 0 4 5 0 38 0 1
"g8994" 22 21 26 70 17 8 33 113 11 64
"g8995" 55 92 50 45 76 8 45 1 43 112
"g8996" 7 6 1 4 1 7 11 3 11 5
"g8997" 1367 1121 527 1413 1010 972 1834 1682 1222 1414
"g8998" 1323 283 696 300 187 1160 989 654 888 356
"g8999" 422 686 417 594 603 583 738 682 825 589
"g9000" 22 3 3 24 0 3 115 2 3 37
"g9001" 174 171 112 132 147 227 217 138 188 158
"g9002" 16 0 23 0 19 4 29 5 0 5
"g9003" 294 78 61 82 85 81 76 50 107 51
"g9004" 665 643 440 580 796 439 714 478 715 694
"g9005" 1 3 8 6 0 8 8 0 4 0
"g9006" 957 637 603 945 473 638 1147 500 683 852
"g9007" 58 54 38 12 60 36 121 65 54 33
"g9008" 1824 2681 3764 2098 2352 5006 3213 2170 3687 4340
"g9009" 442 608 725 742 517 632 1032 1007 1276 638
"g9010" 20 29 4 6 13 12 3 8 13 10
"g9011" 14 11 7 4 5 9 7 11 11 16
"g9012" 76 63 43 17 62 64 147 43 44 24
"g9013" 24 11 37 29 91 33 49 13 54 41
"g9014" 9 6 4 6 11 11 5 14 13 4
"g9015" 117 60 38 27 116 102 104 37 163 60
"g9016" 404 372 268 348 323 312 555 336 431 431
"g9017" 355 357 373 427 222 303 657 497 471 199
"g9018" 91 80 56 44 125 51 126 89 65 113
"g9019" 1 30 2 8 119 150 36 149 3 108
"g9020" 60 4 44 50 21 55 46 20 38 20
"g9021" 39 19 18 38 37 29 32 14 32 46
"g9022" 168 280 150 226 292 255 295 311 663 475
"g9023" 186 101 106 138 87 128 162 45 123 126
"g9024" 9 1 4 5 6 2 3 6 6 1
"g9025" 327 444 313 427 480 377 314 476 580 380
"g9026" 68 75 63 162 60 64 106 85 239 58
"g9027" 186 209 239 190 100 197 205 119 207 139
"g9028" 80 57 57 30 55 28 31 46 85 21
"g9029" 842 1486 709 1761 939 978 1828 599 894 1722
"g9030" 172 131 50 102 43 94 198 39 138 104
"g9031" 117 194 187 304 270 174 201 222 338 129
"g9032" 147 110 209 178 149 104 314 100 173 181
"g9033" 1195 739 757 648 722 708 1366 550 612 998
"g9034" 2358 1843 2678 3018 2901 3546 4358 4460 1696 1619
"g9035" 22 104 27 31 16 38 68 7 25 8
"g9036" 7 3 9 2 1 2 11 5 4 6
"g9037" 5 5 5 6 2 4 10 7 7 6
"g9038" 8070 5016 6685 4968 3567 4806 6556 3828 4793 6348
"g9039" 6778 4815 4023 4069 5119 4560 5772 4644 7456 5126
"g9040" 1 0 0 1 1 0 1 1 5 0
"g9041" 327 142 304 254 70 113 632 402 746 332
"g9042" 12 53 16 23 13 6 12 22 98 23
"g9043" 138 254 52 112 63 155 250 204 111 132
"g9044" 599 481 393 709 535 427 590 468 603 679
"g9045" 5 1 8 0 4 0 1 2 3 4
"g9046" 4 0 5 5 6 2 3 5 5 0
"g9047" 803 398 598 388 239 431 1279 496 604 273
"g9048" 297 466 327 251 305 163 383 235 174 213
"g9049" 36 24 33 28 39 56 24 44 50 46
"g9050" 40 24 35 3 15 32 57 9 69 47
"g9051" 216 484 194 107 245 26 683 194 402 551
"g9052" 20 0 0 0 0 5 2 0 6 4
"g9053" 126 98 65 62 58 116 82 85 142 50
"g9054" 3995 5146 4627 2922 3575 1037 4083 3178 4481 2635
"g9055" 390 38 154 261 618 275 283 330 365 291
"g9056" 2 3 14 1 5 3 2 1 1 7
"g9057" 72 59 52 27 43 73 89 45 74 47
"g9058" 21 11 8 23 21 15 8 17 17 26
"g9059" 437 894 675 476 685 300 423 136 508 479
"g9060" 54 110 42 122 224 113 148 246 242 307
"g9061" 83 33 29 86 73 30 64 88 54 24
"g9062" 79 16 37 99 14 53 140 143 71 76
"g9063" 7 2 3 11 6 2 5 5 9 22
"g9064" 8 0 38 2 19 3 4 4 0 21
"g9065" 11 6 8 8 11 12 11 14 12 20
"g9066" 240 279 222 249 215 144 371 370 280 440
"g9067" 6 3 0 16 5 7 12 3 9 18
"g9068" 229 473 85 299 337 178 254 306 173 354
"g9069" 136 163 180 127 227 196 324 98 195 202
"g9070" 19 12 8 21 14 17 13 26 33 16
"g9071" 0 0 5 0 6 3 6 1 1 2
"g9072" 122 89 74 92 39 77 139 100 128 151
"g9073" 10388 7579 5298 11178 6256 10326 8789 7316 13457 6965
"g9074" 3 7 1 3 4 6 3 6 2 7
"g9075" 112 45 30 50 92 41 41 28 69 91
"g9076" 863 591 373 333 752 509 1078 473 593 609
"g9077" 354 776 342 280 845 202 152 287 609 126
"g9078" 55 46 31 8 53 80 78 28 34 22
"g9079" 426 530 343 282 289 382 484 459 557 552
"g9080" 91 13 12 1 4 64 33 23 10 2
"g9081" 767 414 1043 553 519 738 1266 777 877 1212
"g9082" 67 44 52 54 42 47 62 35 44 31
"g9083" 21 4 10 0 5 0 1 2 4 0
"g9084" 16 13 10 1 20 15 9 24 50 36
"g9085" 477 257 158 214 346 247 337 464 177 550
"g9086" 36 57 94 25 48 2 60 60 190 28
"g9087" 473 349 384 327 338 388 583 366 445 393
"g9088" 777 509 486 712 1384 452 705 817 1029 715
"g9089" 510 318 269 432 342 326 727 386 471 472
"g9090" 175 142 97 111 215 171 226 121 161 306
"g9091" 261 38 112 81 104 110 142 60 156 130
"g9092" 170 70 175 164 451 449 611 111 189 199
"g9093" 173 258 273 310 258 150 471 248 248 71
"g9094" 79 102 58 43 80 129 294 82 269 231
"g9095" 163 160 187 123 85 155 115 185 85 125
"g9096" 0 2 1 4 2 3 0 0 17 1
"g9097" 640 569 660 577 448 956 1222 448 970 864
"g9098" 3 6 3 4 1 6 1 2 8 25
"g9099" 251 29 79 72 19 45 13 40 198 57
"g9100" 19 9 11 30 6 10 25 6 4 6
"g9101" 1339 662 971 832 787 911 1707 1377 1445 830
"g9102" 73 42 8 44 9 9 5 10 77 2
"g9103" 34 30 18 15 20 21 36 22 33 37
"g9104" 126 80 73 117 112 89 149 78 162 101
"g9105" 335 232 310 193 421 289 409 270 438 222
"g9106" 177 85 114 105 99 73 146 92 165 106
"g9107" 949 1654 1745 1548 2173 4203 3943 924 3814 4319
"g9108" 0 0 1 3 3 3 4 4 9 2
"g9109" 134 975 414 255 473 322 135 331 1397 188
"g9110" 2249 311 1038 308 1575 1628 464 537 646 1530
"g9111" 234 173 144 146 183 188 111 398 123 143
"g9112" 4 6 1 5 8 11 0 11 35 6
"g9113" 95 107 104 159 86 109 238 144 116 168
"g9114" 1087 1215 1348 1470 1322 1401 2555 1450 2514 1914
"g9115" 484 309 165 303 130 57 371 114 297 391
"g9116" 15 53 34 16 51 61 62 16 65 66
"g9117" 365 354 337 401 264 230 484 439 546 255
"g9118" 7213 4540 3926 5631 6405 6279 14446 5420 8685 6798
"g9119" 5662 3303 3573 6192 4553 5418 4016 5164 10372 5833
"g9120" 672 659 498 515 392 581 1159 716 672 652
"g9121" 8366 9717 10632 13552 10976 10976 12847 6104 20477 14170
"g9122" 2151 2867 963 2489 1414 1713 1179 1907 4138 3806
"g9123" 4 6 8 5 4 7 5 3 4 10
"g9124" 4985 5536 1705 1421 3660 2037 1175 4859 4932 3509
"g9125" 211 311 1328 342 267 261 305 324 338 564
"g9126" 24 11 5 6 5 3 5 1 17 5
"g9127" 1094 415 405 560 708 742 903 715 948 384
"g9128" 130 108 56 70 47 110 104 63 85 183
"g9129" 15 0 9 3 4 0 12 6 12 4
"g9130" 2684 1594 1523 1456 1501 1131 3316 1093 2563 2080
"g9131" 406 277 309 480 305 149 422 275 228 521
"g9132" 6787 5994 5489 6081 7216 4912 19846 6506 6551 8311
"g9133" 58 22 40 45 39 26 58 38 55 21
"g9134" 499 378 404 370 420 397 689 328 688 457
"g9135" 58 63 45 37 73 93 72 51 34 84
"g9136" 56 82 107 130 194 103 413 211 136 244
"g9137" 14 10 11 21 15 10 3 0 19 3
"g9138" 93 75 42 93 54 141 95 36 163 78
"g9139" 1057 1174 1053 1177 936 702 1508 600 1222 539
"g9140" 0 2 6 5 1 11 3 0 2 6
"g9141" 116 173 73 101 91 223 227 99 171 150
"g9142" 4 2 0 0 0 5 7 2 4 1
"g9143" 132 33 43 106 215 106 66 67 139 63
"g9144" 41 21 43 21 7 18 25 38 47 20
"g9145" 166 94 104 83 89 121 214 91 139 132
"g9146" 2860 1253 2824 535 1433 1130 2319 2040 1580 2974
"g9147" 256 314 270 318 321 180 287 439 448 497
"g9148" 20 29 47 42 19 0 43 30 17 37
"g9149" 127 35 73 107 51 26 216 3 50 16
"g9150" 164 148 118 111 137 300 274 169 196 335
"g9151" 510 386 762 258 314 643 514 150 673 269
"g9152" 79 188 180 382 235 454 430 223 452 416
"g9153" 48 37 29 51 79 14 83 31 84 42
"g9154" 4 12 2 6 9 1 24 8 4 17
"g9155" 194 118 133 101 183 216 334 227 245 161
"g9156" 20 29 28 19 26 40 34 32 48 40
"g9157" 13 5 86 31 94 0 23 43 8 5
"g9158" 180 148 244 112 225 238 324 232 186 190
"g9159" 373 269 157 292 149 345 463 190 590 160
"g9160" 2168 1052 687 1303 941 389 267 438 1297 2695
"g9161" 274 427 441 236 407 338 774 320 490 456
"g9162" 2105 1621 1893 1838 1516 2495 2879 2732 1505 3174
"g9163" 11 10 9 6 7 3 6 15 22 12
"g9164" 265 220 220 254 407 444 560 233 218 425
"g9165" 12 10 7 16 14 7 10 6 21 18
"g9166" 5 6 6 3 11 12 13 8 4 4
"g9167" 13 3 12 5 3 6 7 13 15 9
"g9168" 6358 8081 3688 2312 5609 4136 13563 16179 5255 4737
"g9169" 944 507 508 372 410 705 747 534 777 359
"g9170" 1 0 1 1 7 2 1 0 2 2
"g9171" 13 8 8 14 8 11 17 18 8 12
"g9172" 11 7 11 29 18 10 17 33 27 17
"g9173" 82 61 42 255 55 130 28 65 57 48
"g9174" 1131 1218 681 1350 1311 1123 2582 1350 3439 645
"g9175" 3 17 3 15 18 5 29 27 39 9
"g9176" 1491 1551 1408 2762 1451 1378 1961 1079 2106 993
"g9177" 32 33 27 39 37 15 41 27 50 59
"g9178" 97 204 107 157 322 771 356 231 217 93
"g9179" 126 146 112 222 282 180 152 127 269 133
"g9180" 2698 1496 1895 3229 3112 1721 2342 1509 2814 2569
"g9181" 10 4 4 24 17 19 18 5 20 35
"g9182" 1 6 0 6 6 3 2 4 2 1
"g9183" 1521 963 969 954 521 1427 2465 1093 2051 556
"g9184" 545 685 751 785 524 629 857 455 721 883
"g9185" 2 6 2 6 2 3 14 5 5 1
"g9186" 198 218 155 193 221 84 294 243 244 491
"g9187" 33938 24234 7901 12649 26739 37606 29021 12810 28454 30802
"g9188" 19 34 40 32 30 19 41 40 47 20
"g9189" 16 14 11 21 21 16 30 19 29 14
"g9190" 98 128 243 194 285 271 181 278 495 82
"g9191" 126 76 68 30 52 36 70 17 32 18
"g9192" 19 4 3 1 10 4 11 5 5 9
"g9193" 11 5 17 10 6 15 8 7 13 8
"g9194" 382 612 521 584 796 662 899 488 532 743
"g9195" 46 88 102 197 48 140 232 167 142 143
"g9196" 1186 538 784 717 1111 491 1673 920 607 1007
"g9197" 1880 1399 1478 592 919 1129 630 766 780 1764
"g9198" 4526 6918 4733 7873 4305 2971 8806 3674 8970 4947
"g9199" 0 0 0 64 0 0 0 0 0 0
"g9200" 14 24 28 28 15 9 26 31 41 28
"g9201" 244 206 181 149 309 135 395 156 266 248
"g9202" 0 0 4 0 0 0 6 20 11 3
"g9203" 791 725 655 573 700 589 725 592 846 784
"g9204" 47 11 17 14 14 11 9 6 2 6
"g9205" 21 20 20 30 23 39 45 72 47 53
"g9206" 1 6 5 3 2 5 3 2 8 8
"g9207" 563 619 236 154 1768 1382 611 51 128 77
"g9208" 69 51 41 56 93 60 81 40 130 49
"g9209" 30 36 60 66 43 37 62 14 44 32
"g9210" 360 139 53 83 90 130 93 469 388 159
"g9211" 26 27 34 32 10 4 51 22 42 23
"g9212" 384 178 220 183 197 159 256 214 344 283
"g9213" 546 342 269 320 837 342 571 454 755 513
"g9214" 523 523 893 510 685 321 562 297 762 587
"g9215" 459 297 177 274 568 500 1041 664 1055 2954
"g9216" 692 365 251 322 447 418 535 320 836 524
"g9217" 25 0 0 0 0 2 8 0 7 22
"g9218" 813 335 374 413 792 764 3232 821 484 460
"g9219" 69 84 42 53 78 32 38 47 54 62
"g9220" 565 307 494 436 907 575 429 471 249 609
"g9221" 71 206 25 140 120 40 0 0 0 245
"g9222" 60 187 133 127 244 91 102 126 335 257
"g9223" 324 247 958 173 774 285 909 697 747 427
"g9224" 339 909 1343 2506 669 862 877 1191 408 548
"g9225" 1487 644 1459 1174 762 1095 3269 693 1627 1955
"g9226" 163 146 261 224 180 195 194 146 291 121
"g9227" 5 10 7 4 8 3 6 7 6 4
"g9228" 55 48 21 41 64 15 37 30 18 20
"g9229" 0 0 1 0 0 2 4 0 0 0
"g9230" 150 54 34 36 21 50 95 17 26 86
"g9231" 17 35 49 30 53 19 84 22 108 14
"g9232" 53 56 16 11 41 25 26 22 22 96
"g9233" 217 144 476 436 297 317 577 357 567 556
"g9234" 3 2 21 153 0 75 46 157 212 50
"g9235" 2015 997 486 1978 640 1048 1946 1221 2023 1392
"g9236" 1681 1100 1194 1661 1436 1177 1611 1257 1196 1734
"g9237" 400 148 330 306 223 339 393 214 530 344
"g9238" 2337 428 1205 1456 3763 709 3868 3170 3983 4567
"g9239" 1095 627 585 1049 1035 882 1349 780 1366 807
"g9240" 1870 1534 1500 1842 1939 1700 2313 1707 2293 1680
"g9241" 18 17 28 9 11 19 32 6 26 19
"g9242" 257 271 94 109 498 186 248 521 297 294
"g9243" 396 163 156 162 148 270 351 322 232 147
"g9244" 124 75 44 87 110 131 179 83 111 118
"g9245" 9 6 4 4 13 4 11 7 10 18
"g9246" 33 12 10 16 10 5 32 12 9 24
"g9247" 20 4 3 33 47 12 137 6 39 121
"g9248" 176 167 119 250 165 247 318 141 191 280
"g9249" 1189 768 721 1894 1387 720 1680 1080 1054 1672
"g9250" 561 325 690 113 900 361 1128 165 942 732
"g9251" 2070 1345 671 1595 1541 1070 710 1250 2526 656
"g9252" 8 5 9 8 15 15 11 3 2 5
"g9253" 26 45 88 49 82 89 62 99 84 64
"g9254" 87 113 166 145 87 115 226 79 136 56
"g9255" 11 12 7 4 0 5 0 7 18 28
"g9256" 9 7 19 11 6 7 22 15 20 5
"g9257" 295 120 185 115 172 151 169 121 197 132
"g9258" 34 48 32 75 48 67 33 31 127 60
"g9259" 74 27 24 129 102 9 58 36 67 81
"g9260" 1949 1729 1750 1914 1850 1607 2474 1457 1559 1732
"g9261" 20 72 13 50 35 37 67 45 20 27
"g9262" 68 44 56 54 55 65 93 50 63 38
"g9263" 114 120 246 96 128 193 219 272 309 96
"g9264" 42 0 32 103 53 43 100 84 149 16
"g9265" 168 101 167 135 145 118 361 171 155 205
"g9266" 1158 1125 1341 1239 1187 850 2630 1087 1789 1139
"g9267" 319 200 263 464 756 443 407 314 345 409
"g9268" 837 653 669 574 331 380 690 387 704 332
"g9269" 101 92 51 129 98 115 141 125 135 123
"g9270" 26 28 25 21 111 48 52 18 43 29
"g9271" 16 7 1 3 12 13 11 14 0 17
"g9272" 0 1 2 0 0 0 6 0 0 0
"g9273" 4 6 3 6 0 7 3 3 5 5
"g9274" 40 20 21 8 34 25 16 40 35 41
"g9275" 232 173 209 109 129 106 160 160 278 125
"g9276" 550 146 544 490 525 771 154 114 191 313
"g9277" 1347 1324 487 1146 1605 2030 1119 1180 1122 1706
"g9278" 13244 12164 15695 13497 14791 20493 16849 13964 25350 17055
"g9279" 317 159 268 264 214 103 202 125 267 426
"g9280" 6 2 0 0 2 6 4 1 0 4
"g9281" 1236 477 457 1346 589 575 1405 551 1496 286
"g9282" 136 136 160 208 120 134 269 212 361 202
"g9283" 821 966 457 318 382 664 383 689 439 627
"g9284" 363 529 373 265 386 522 691 189 458 361
"g9285" 374 24 193 530 145 790 716 266 138 45
"g9286" 121 18 66 170 45 86 38 10 109 34
"g9287" 26 77 4 13 52 6 27 2 19 9
"g9288" 99 108 104 140 130 84 158 80 130 94
"g9289" 61 79 88 447 40 181 122 45 637 173
"g9290" 2390 1565 2887 2404 1364 3116 6002 1371 588 2942
"g9291" 89 20 19 110 67 84 58 2 49 74
"g9292" 39 23 10 0 16 19 59 57 218 71
"g9293" 0 2 0 0 22 32 100 6 0 0
"g9294" 15 7 10 18 12 8 21 8 33 11
"g9295" 1412 1074 1302 1376 1407 1269 2170 1310 1908 1660
"g9296" 709 499 1320 341 192 730 1142 513 931 457
"g9297" 234 167 205 107 243 208 273 123 236 242
"g9298" 73 63 95 74 97 44 100 77 155 60
"g9299" 282 183 137 103 147 214 147 109 325 163
"g9300" 1946 869 1063 1008 1477 971 1956 989 1623 816
"g9301" 54 47 51 85 16 25 130 28 116 62
"g9302" 2014 1143 912 1667 920 1164 1536 1598 1729 976
"g9303" 602 465 583 670 245 587 1011 521 467 563
"g9304" 243 338 501 270 308 320 605 320 660 397
"g9305" 1708 1338 1445 1463 1199 1043 2329 1468 1649 1946
"g9306" 110 40 82 53 75 110 133 44 118 74
"g9307" 632 1379 1364 455 490 456 760 599 811 543
"g9308" 684 1083 847 676 1547 549 1392 697 1495 1088
"g9309" 70 144 34 28 151 136 23 104 45 140
"g9310" 536 768 1110 2681 731 1395 3038 1066 1725 1513
"g9311" 36 88 47 4 93 62 50 28 12 52
"g9312" 3 0 24 1 0 5 6 1 5 1
"g9313" 2 23 20 7 17 15 21 10 22 26
"g9314" 16 15 24 9 1 7 19 15 8 11
"g9315" 30 267 20 22 64 113 68 45 32 64
"g9316" 378 170 163 384 214 285 256 226 277 280
"g9317" 17 5 2 5 7 6 16 12 21 25
"g9318" 28 21 5 25 51 33 32 8 40 26
"g9319" 341 239 246 86 121 129 205 110 215 29
"g9320" 196 123 92 69 127 120 158 118 167 96
"g9321" 23 0 18 1 4 3 33 0 8 61
"g9322" 0 0 1 7 6 1 0 7 4 2
"g9323" 200 152 169 142 204 200 322 154 277 237
"g9324" 2 4 4 1 3 4 1 1 4 9
"g9325" 9 2 12 3 18 2 31 10 14 16
"g9326" 40 20 26 30 35 44 46 17 39 37
"g9327" 108 75 61 95 78 62 124 46 77 112
"g9328" 603 365 122 505 119 23 563 62 103 199
"g9329" 20583 15868 18020 21612 16906 14140 26664 15839 16587 16257
"g9330" 65 35 25 23 36 17 84 4 30 31
"g9331" 0 0 2 22 8 0 0 6 1 0
"g9332" 3 0 3 2 5 1 1 4 2 0
"g9333" 25 9 7 26 7 8 14 1 13 36
"g9334" 4528 3584 3417 3618 3994 3843 4846 3795 4249 3140
"g9335" 10 0 1 0 1 9 0 15 4 1
"g9336" 8585 3669 4950 4866 2913 6037 12417 4586 8559 5669
"g9337" 448 275 214 348 343 288 400 240 430 229
"g9338" 54 81 50 18 17 52 26 8 53 9
"g9339" 130 107 118 123 85 56 193 53 178 222
"g9340" 5399 1252 1613 2677 712 877 4241 3502 3204 938
"g9341" 411 318 232 276 208 304 509 257 502 423
"g9342" 1 2 0 5 1 3 0 0 3 2
"g9343" 102 59 58 43 31 52 80 18 57 53
"g9344" 220 954 241 1001 393 980 1389 659 1654 617
"g9345" 1762 1150 1523 1770 1143 1604 1766 1280 1684 1383
"g9346" 1810 1053 989 1683 1559 1427 1319 1149 1410 1007
"g9347" 13 12 7 11 1 4 16 11 5 17
"g9348" 10498 8119 9711 8682 11445 9795 15928 7188 16068 10237
"g9349" 1097 757 727 640 711 829 935 1349 1661 1403
"g9350" 3 9 4 23 9 7 4 13 14 6
"g9351" 1 12 4 4 6 10 11 2 6 1
"g9352" 323 246 224 279 256 120 367 117 384 193
"g9353" 412 298 377 337 189 196 436 250 186 201
"g9354" 8 2 1 0 3 3 0 0 10 1
"g9355" 556 342 331 434 226 312 915 345 208 557
"g9356" 275 186 268 181 232 126 189 228 364 237
"g9357" 0 1 3 4 1 8 2 3 6 0
"g9358" 202 64 178 100 320 328 960 490 170 113
"g9359" 17 21 15 19 20 15 24 9 25 17
"g9360" 1493 1412 821 979 922 1134 1642 1711 1753 1230
"g9361" 19 4 8 4 9 3 17 3 23 22
"g9362" 0 2 2 0 4 1 1 3 4 0
"g9363" 0 0 2 0 0 3 1 11 10 14
"g9364" 651 157 389 200 329 124 459 295 264 247
"g9365" 24 13 49 33 26 44 8 32 67 38
"g9366" 0 5 0 3 2 0 1 0 0 0
"g9367" 33 18 19 30 40 39 21 6 26 23
"g9368" 314 149 96 231 164 140 319 111 160 300
"g9369" 2586 3973 3175 3984 2821 2377 4022 2216 3433 3831
"g9370" 74 4 89 56 35 8 97 11 3 49
"g9371" 6 6 4 2 0 3 4 11 6 18
"g9372" 16 1 1 15 29 23 19 6 23 3
"g9373" 632 635 380 526 561 563 445 569 516 556
"g9374" 14 0 4 8 7 19 2 6 8 21
"g9375" 2 4 2 4 1 0 0 0 1 0
"g9376" 1890 1742 1950 2452 1766 1579 3064 1626 2967 2933
"g9377" 2 8 0 1 11 3 2 1 5 1
"g9378" 311 117 337 195 288 374 715 332 518 532
"g9379" 0 0 0 0 0 0 0 0 0 436
"g9380" 11165 5686 8397 8581 8329 6903 11311 9040 15262 9236
"g9381" 338 67 15 53 29 88 29 44 98 4
"g9382" 98 34 79 111 99 34 94 91 78 36
"g9383" 115 10 46 129 19 3 32 25 6 1
"g9384" 23 1 3 0 0 0 0 0 0 0
"g9385" 401 279 302 384 329 348 487 296 379 528
"g9386" 5576 14197 11716 9853 4411 7514 10858 8116 20362 13162
"g9387" 653 220 232 435 270 349 1144 579 826 523
"g9388" 59 57 60 26 45 26 95 22 92 75
"g9389" 240 101 214 114 137 167 254 90 326 270
"g9390" 9 7 11 9 14 14 15 10 9 8
"g9391" 19 23 0 15 1 10 7 33 60 8
"g9392" 249 105 399 0 453 196 27 151 191 382
"g9393" 8 12 12 14 45 40 12 7 17 10
"g9394" 31 36 27 17 35 121 56 37 86 60
"g9395" 1 29 0 13 0 0 0 2 0 0
"g9396" 154 153 240 173 212 137 193 170 249 320
"g9397" 3496 2213 864 1971 2441 1664 4515 2483 2728 2592
"g9398" 87 69 126 39 32 29 70 34 71 87
"g9399" 98 63 128 40 231 53 139 78 94 299
"g9400" 730 436 579 482 585 525 781 683 684 645
"g9401" 38 47 44 28 27 53 47 35 28 44
"g9402" 8 3 10 13 7 19 26 30 8 8
"g9403" 14 20 13 17 15 8 23 23 9 14
"g9404" 1362 942 942 1298 662 1243 1464 1261 1473 1240
"g9405" 2 4 3 1 16 0 2 5 0 11
"g9406" 3 20 95 1 0 5 82 30 0 28
"g9407" 170 133 139 194 207 116 280 163 317 94
"g9408" 3089 2394 2372 1941 2893 1558 6786 1684 2437 2469
"g9409" 65 25 60 30 55 24 21 23 105 78
"g9410" 456 686 365 1027 797 569 1106 538 801 642
"g9411" 155 78 49 88 103 124 129 93 137 126
"g9412" 17 122 81 220 19 61 110 54 142 18
"g9413" 57 25 50 222 173 63 96 109 2 33
"g9414" 95 48 84 82 139 57 53 106 49 94
"g9415" 23 17 11 16 11 12 12 9 19 19
"g9416" 7 3 3 13 15 21 17 27 28 4
"g9417" 1584 1190 687 597 1410 1491 1930 790 1672 840
"g9418" 465 606 600 1225 275 641 1037 698 839 608
"g9419" 1499 1151 1115 1260 1424 978 1895 692 2089 1375
"g9420" 21 31 23 27 27 23 11 24 19 25
"g9421" 13 17 8 25 1 4 5 6 31 13
"g9422" 4 17 23 21 8 7 4 4 10 20
"g9423" 1598 542 321 359 539 741 566 519 1366 972
"g9424" 295 235 138 169 141 140 267 44 234 275
"g9425" 423 291 276 388 298 414 588 338 293 260
"g9426" 1477 966 844 1192 886 1031 1417 1023 1417 1325
"g9427" 1761 983 615 491 1653 1799 2157 1290 1380 1642
"g9428" 20 17 16 12 11 12 25 26 45 7
"g9429" 341 124 332 754 267 106 1285 289 765 266
"g9430" 1653 943 860 1050 700 538 1762 1119 1410 983
"g9431" 112 20 9 17 142 10 0 6 113 22
"g9432" 151 67 172 113 197 165 246 133 165 152
"g9433" 425 803 503 684 783 1131 1310 1188 2290 2602
"g9434" 0 0 0 5 2 0 0 0 2 0
"g9435" 120 127 139 170 126 68 197 166 231 257
"g9436" 0 2 3 1 0 3 2 5 4 2
"g9437" 16 4 12 7 7 10 15 3 11 12
"g9438" 662 508 675 403 207 460 503 528 424 321
"g9439" 333 182 201 336 357 204 335 228 190 353
"g9440" 195 244 200 219 182 357 206 275 364 215
"g9441" 0 9 5 6 2 6 3 3 5 29
"g9442" 2975 1764 3799 2236 3181 2342 5948 2822 4120 1578
"g9443" 1 0 53 0 11 0 0 15 0 162
"g9444" 24 35 48 44 50 50 25 52 41 50
"g9445" 73 22 54 42 26 31 50 27 34 72
"g9446" 382 236 287 269 357 217 403 358 358 239
"g9447" 77 7 9 54 5 54 33 28 34 21
"g9448" 0 6 0 3 6 3 5 3 5 1
"g9449" 48 22 20 29 46 27 52 20 21 18
"g9450" 9017 6832 8684 8391 6733 9620 12700 8390 12935 11080
"g9451" 8 10 18 11 23 11 8 6 18 22
"g9452" 34 254 156 82 177 41 153 63 164 338
"g9453" 735 443 373 492 677 454 676 358 792 659
"g9454" 1334 917 1078 1466 1224 1271 2475 878 1605 1497
"g9455" 3056 2045 1863 2354 2040 1798 3848 2133 3319 2408
"g9456" 282 126 105 169 190 141 369 147 113 186
"g9457" 3 5 13 62 31 1 4 10 18 48
"g9458" 11 12 30 29 20 21 56 31 15 24
"g9459" 4952 2056 3421 4002 3357 3171 4663 3144 4366 4341
"g9460" 3075 2152 2110 1751 1859 2213 3408 1833 3883 2250
"g9461" 18 2 12 8 26 39 50 21 43 8
"g9462" 1430 2289 1799 3661 1085 2269 6309 1454 1532 3339
"g9463" 20 38 28 107 45 7 111 14 56 20
"g9464" 6 4 4 0 18 1 3 5 5 3
"g9465" 214 95 97 155 138 83 149 127 255 104
"g9466" 28 10 21 11 20 6 16 15 26 22
"g9467" 1230 525 774 761 636 324 696 421 1104 746
"g9468" 37 64 113 64 80 118 80 122 188 102
"g9469" 30 60 22 217 0 32 9 8 1 0
"g9470" 727 871 839 527 361 592 825 424 2390 545
"g9471" 4 54 32 115 9 133 21 50 24 134
"g9472" 312 153 216 229 63 101 106 114 143 83
"g9473" 1643 1021 1053 1121 676 1432 2480 1569 444 1768
"g9474" 1133 1077 829 831 691 834 1430 832 1514 1015
"g9475" 228 105 205 200 166 163 247 200 224 186
"g9476" 57 24 48 18 54 29 64 29 33 64
"g9477" 5 12 3 1 0 0 2 4 4 2
"g9478" 761 648 662 537 704 897 811 709 705 791
"g9479" 0 9 9 22 0 0 0 1 1 0
"g9480" 35 23 35 41 26 58 32 41 54 43
"g9481" 1605 1070 654 1469 1503 836 1103 1082 2191 1612
"g9482" 1760 849 1051 1190 2593 1770 1409 987 2775 803
"g9483" 19 101 72 67 46 67 65 9 28 41
"g9484" 29 29 19 39 59 25 17 48 33 63
"g9485" 1631 1183 1527 927 1601 3670 1027 1251 1353 901
"g9486" 396 264 279 110 128 72 61 136 471 167
"g9487" 11 8 9 2 6 4 12 9 8 9
"g9488" 42 37 99 51 32 13 115 18 42 105
"g9489" 182 132 18 76 203 55 67 193 99 111
"g9490" 1197 2256 1750 3783 3528 1007 2294 1090 8692 866
"g9491" 37 39 29 42 58 41 23 68 65 40
"g9492" 191 141 32 212 157 189 228 162 390 132
"g9493" 3670 3064 1662 3478 2911 2779 4443 1763 4151 1934
"g9494" 40 16 20 10 18 34 26 34 25 33
"g9495" 2 15 0 4 0 5 5 5 14 0
"g9496" 14 11 19 26 22 30 24 9 34 30
"g9497" 78 1 40 1 2 7 27 17 28 14
"g9498" 45 48 30 50 28 23 32 35 47 23
"g9499" 102 69 18 82 105 181 201 88 84 64
"g9500" 1 2 4 0 3 4 4 4 0 0
"g9501" 306 170 192 206 175 256 238 214 290 261
"g9502" 547 237 472 597 341 387 503 162 559 664
"g9503" 608 410 283 461 547 423 622 281 649 607
"g9504" 13 72 2 0 19 49 11 3 19 30
"g9505" 759 819 501 943 906 918 519 1333 489 803
"g9506" 0 3 5 2 2 5 0 3 1 5
"g9507" 1731 2406 3431 1079 1350 2411 1840 494 1894 1484
"g9508" 30 76 204 101 10 91 330 213 111 23
"g9509" 77 45 98 72 75 87 130 109 76 89
"g9510" 525 371 231 395 305 354 355 370 340 230
"g9511" 10 55 32 127 37 24 22 34 129 32
"g9512" 0 0 3 0 0 0 0 0 0 0
"g9513" 80 85 55 59 114 72 49 81 127 118
"g9514" 1864 925 1586 1174 1285 1522 2913 783 3007 974
"g9515" 718 757 572 648 454 691 1289 784 1174 887
"g9516" 511 272 244 308 325 262 291 263 241 425
"g9517" 425 324 321 670 193 561 475 568 779 514
"g9518" 39 13 17 5 17 14 53 3 30 14
"g9519" 11 3 1 3 0 4 6 8 1 5
"g9520" 22 36 58 23 28 23 77 19 1 22
"g9521" 312 185 246 359 308 213 305 226 415 370
"g9522" 732 744 739 1060 1146 1107 1188 922 551 638
"g9523" 88 27 233 34 760 539 765 130 449 161
"g9524" 0 20 1 5 4 0 40 14 23 11
"g9525" 3 0 22 35 20 2 0 8 2 56
"g9526" 64 0 5 6 13 26 12 0 54 34
"g9527" 8 1 0 28 0 1 4 0 14 4
"g9528" 0 2 2 1 0 0 4 3 7 8
"g9529" 345 279 248 297 222 267 328 146 377 257
"g9530" 3027 1945 2004 2580 1779 1787 2980 2804 2824 2980
"g9531" 99 83 126 183 128 134 137 192 86 156
"g9532" 3 108 32 7 13 1 44 21 6 22
"g9533" 1 3 7 8 3 5 2 3 3 8
"g9534" 3 4 4 3 4 1 5 2 2 1
"g9535" 2235 976 1228 1001 1077 723 1561 788 1446 1513
"g9536" 3938 2621 2828 3640 3017 2492 4694 2779 3662 2808
"g9537" 152 25 19 124 93 51 112 32 101 77
"g9538" 58 61 9 21 343 0 53 22 58 18
"g9539" 419 971 179 401 186 323 614 786 109 341
"g9540" 20 16 13 19 18 7 7 19 5 21
"g9541" 471 258 162 120 206 278 321 358 277 301
"g9542" 33 10 24 29 14 24 27 28 32 44
"g9543" 1348 633 590 1228 873 710 1266 1213 2407 2439
"g9544" 17 16 20 19 25 23 35 16 52 34
"g9545" 0 2 2 4 0 1 4 0 1 1
"g9546" 375 179 224 122 225 198 417 238 258 356
"g9547" 1275 806 1264 800 1397 872 2172 493 726 1517
"g9548" 0 16 9 2 1 3 8 8 0 5
"g9549" 44 26 28 15 21 10 23 30 16 17
"g9550" 121 98 54 106 48 43 52 96 87 161
"g9551" 105 14 12 13 14 10 6 19 52 17
"g9552" 677 320 228 122 310 280 485 453 612 455
"g9553" 4073 3558 2609 4446 3291 3515 4213 2409 4877 2983
"g9554" 98 45 28 10 48 11 75 41 23 20
"g9555" 282 229 167 172 184 322 500 174 239 430
"g9556" 176 178 217 123 207 175 170 163 217 195
"g9557" 5 5 0 3 3 1 3 2 0 3
"g9558" 89 148 182 214 180 131 302 112 253 190
"g9559" 216 133 111 89 164 126 117 70 68 128
"g9560" 9533 2954 12353 10883 10705 12720 40742 28474 16574 19935
"g9561" 17 7 3 24 14 19 47 36 3 10
"g9562" 138 311 146 180 258 255 350 285 250 222
"g9563" 631 471 455 250 671 378 777 673 823 350
"g9564" 520 720 800 768 294 574 666 497 258 334
"g9565" 816 460 767 1303 1141 835 1429 1599 709 1365
"g9566" 29 9 6 3 27 8 13 12 21 13
"g9567" 15600 10975 8041 6097 9020 11633 9287 11960 11925 15992
"g9568" 177 47 22 36 70 151 64 82 114 62
"g9569" 3812 3171 2086 2848 2701 2782 4671 3883 4341 3128
"g9570" 2830 878 1094 1541 1781 1300 1876 1750 1307 1187
"g9571" 359 134 123 208 262 178 214 196 375 211
"g9572" 0 1 0 1 0 1 0 2 0 5
"g9573" 6 36 11 19 6 15 6 17 43 14
"g9574" 454 227 95 133 281 309 377 165 319 296
"g9575" 8 8 8 10 3 9 6 9 3 3
"g9576" 3256 1047 1031 1725 1581 2517 2006 2070 2326 1080
"g9577" 2 0 2 8 4 7 2 0 4 2
"g9578" 8 21 8 17 11 16 5 14 13 3
"g9579" 0 5 0 0 0 0 9 0 0 0
"g9580" 1678 1102 767 1396 1380 929 2161 1606 2159 1590
"g9581" 130 66 115 79 99 147 126 53 137 123
"g9582" 411 313 190 625 188 263 623 697 678 356
"g9583" 0 4 5 5 16 2 22 1 18 5
"g9584" 19 4 18 5 17 3 7 13 24 8
"g9585" 92 344 123 75 103 89 150 97 99 62
"g9586" 295 190 69 223 43 110 305 96 110 197
"g9587" 1767 1924 1943 1788 2759 2384 2845 2185 2513 2625
"g9588" 3 0 2 3 2 2 0 1 3 2
"g9589" 5127 1071 1518 1218 3099 2650 4126 1338 3064 3621
"g9590" 464 258 315 307 269 229 547 204 239 304
"g9591" 4 12 5 10 5 14 32 6 33 6
"g9592" 4225 2593 2625 4949 2907 2819 4656 3313 5688 4620
"g9593" 13 32 17 12 17 39 46 11 30 19
"g9594" 28 23 14 34 18 17 38 44 21 5
"g9595" 188 178 113 116 118 171 181 96 160 156
"g9596" 190 156 137 176 229 294 252 169 366 199
"g9597" 6 12 9 3 12 9 14 5 18 11
"g9598" 37 31 38 22 23 55 120 16 12 82
"g9599" 21 6 4 21 19 31 12 4 18 16
"g9600" 46 39 52 91 51 51 169 76 221 94
"g9601" 614 64 198 172 176 420 790 138 461 505
"g9602" 4 1 3 4 4 0 3 0 3 3
"g9603" 104 99 119 144 43 158 202 124 262 164
"g9604" 567 397 560 519 515 500 553 394 577 673
"g9605" 5 2 8 1 3 4 4 10 5 5
"g9606" 1527 1421 959 620 1542 1042 1521 2299 1817 1656
"g9607" 37 22 43 45 12 9 26 50 60 69
"g9608" 154 264 77 131 264 84 210 162 141 296
"g9609" 276 59 219 198 128 124 204 112 189 309
"g9610" 1135 1009 857 1235 1112 863 1699 1627 1075 1473
"g9611" 3 10 13 14 7 19 11 74 26 7
"g9612" 265 274 208 312 369 349 465 173 285 202
"g9613" 303 139 272 382 394 598 509 131 1095 1007
"g9614" 74 65 62 44 52 45 10 86 47 84
"g9615" 93 42 65 67 89 56 55 36 103 57
"g9616" 63 0 2 3 13 9 34 0 0 12
"g9617" 77 60 19 129 15 9 28 121 50 83
"g9618" 20 8 7 6 26 10 22 36 33 63
"g9619" 887 540 921 322 385 751 589 652 769 558
"g9620" 257 418 593 811 449 630 928 791 782 954
"g9621" 3 0 5 4 6 1 9 0 5 1
"g9622" 61 41 55 40 62 22 55 43 94 46
"g9623" 307 103 62 140 559 139 46 91 104 120
"g9624" 1736 762 705 1636 1066 1137 1406 711 1119 1390
"g9625" 252 225 219 219 234 193 437 247 318 320
"g9626" 305 205 138 170 160 180 159 324 131 98
"g9627" 5544 6046 7843 7324 4993 5993 11039 8292 10732 5300
"g9628" 4 54 0 42 6 2 55 26 26 3
"g9629" 39 32 69 57 318 38 487 34 278 54
"g9630" 12 4 0 4 0 2 8 6 3 3
"g9631" 87 43 46 54 64 42 98 65 76 75
"g9632" 3 3 3 0 1 0 3 24 15 5
"g9633" 5175 3774 2608 4270 3679 3248 4846 3367 5736 3320
"g9634" 90 60 55 33 22 53 173 77 84 93
"g9635" 73 69 17 59 20 29 17 44 18 81
"g9636" 58602 50960 25135 45771 65537 24953 46366 36403 25536 55779
"g9637" 1 1 7 14 2 8 10 3 0 1
"g9638" 30 65 24 35 45 35 58 11 38 24
"g9639" 1259 820 925 1107 1306 978 1580 1353 1445 1129
"g9640" 0 2 8 17 4 2 2 2 2 2
"g9641" 106 72 119 130 75 131 137 90 108 121
"g9642" 742 640 711 340 674 822 888 464 1169 477
"g9643" 2411 3338 2149 4026 3115 3238 5867 4694 5919 6469
"g9644" 27 2 2 52 22 54 98 1 0 2
"g9645" 0 1 1 0 2 0 0 7 0 0
"g9646" 3 0 1 1 2 2 4 2 3 6
"g9647" 927 634 679 740 588 649 1102 864 1342 986
"g9648" 129 146 125 281 281 295 420 165 468 287
"g9649" 424 311 464 134 142 310 242 156 353 332
"g9650" 0 1 5 18 1 2 20 1 16 9
"g9651" 4 4 5 4 10 22 10 4 8 6
"g9652" 13155 11885 8838 12931 13032 12327 12160 11207 16896 15146
"g9653" 48 32 35 24 7 8 28 30 14 18
"g9654" 103 120 43 42 139 38 69 49 555 251
"g9655" 107 17 45 38 6 52 21 10 5 7
"g9656" 220 168 316 282 354 173 317 278 435 353
"g9657" 8 2 9 6 17 7 19 1 25 30
"g9658" 95 180 658 210 19 136 615 467 179 324
"g9659" 1 1 3 2 1 3 2 0 7 4
"g9660" 7 1 7 23 4 0 6 12 17 13
"g9661" 114 31 85 75 54 78 125 107 56 94
"g9662" 9 12 20 19 15 9 27 10 9 20
"g9663" 363 268 728 1106 878 958 564 689 2926 1112
"g9664" 176 229 53 83 492 503 966 223 490 155
"g9665" 10 0 33 0 8 0 1 0 5 0
"g9666" 13 6 15 36 4 7 10 4 18 17
"g9667" 158 103 73 202 102 118 217 47 208 115
"g9668" 1083 635 975 908 949 1310 1836 613 1576 975
"g9669" 1324 793 812 708 781 555 1081 877 1549 1146
"g9670" 985 591 647 889 802 935 1465 765 1215 1289
"g9671" 557 268 328 431 350 563 449 460 748 184
"g9672" 17 12 13 14 17 8 9 15 19 17
"g9673" 86 84 112 61 76 45 151 33 127 58
"g9674" 3952 1929 4788 3795 6226 4439 3618 5099 10009 4328
"g9675" 8 4 5 2 8 6 8 12 9 18
"g9676" 305 167 148 100 184 72 177 124 130 62
"g9677" 134 51 99 65 79 51 129 79 99 62
"g9678" 2 1 0 0 3 0 1 0 15 3
"g9679" 2 3 2 1 3 1 6 1 1 3
"g9680" 15 8 8 16 24 14 34 23 32 13
"g9681" 599 496 415 638 90 467 780 287 747 911
"g9682" 221 158 244 326 263 148 267 72 140 233
"g9683" 40 66 68 20 97 58 170 16 8 100
"g9684" 460 274 251 1009 802 622 1369 509 790 1169
"g9685" 50 40 22 51 94 64 51 16 33 34
"g9686" 179 152 99 154 116 367 515 120 227 81
"g9687" 199 182 147 125 147 261 154 117 190 186
"g9688" 3 2 4 2 0 2 3 3 0 8
"g9689" 9 13 6 11 4 3 14 29 3 6
"g9690" 66 90 14 7 17 1 0 1 4 5
"g9691" 46 91 56 64 65 45 52 91 63 63
"g9692" 344 352 87 374 123 93 242 145 79 82
"g9693" 157 0 0 1 1 2 1 0 0 18
"g9694" 78 23 19 223 48 28 68 4 58 125
"g9695" 54 55 45 28 113 58 68 68 117 80
"g9696" 490 206 299 166 147 177 277 99 320 277
"g9697" 77 232 192 296 1 520 554 635 965 122
"g9698" 302 366 121 437 390 322 439 277 267 471
"g9699" 466 235 192 263 214 459 598 293 443 249
"g9700" 1279 885 625 655 850 768 2030 1241 1799 1348
"g9701" 71 50 27 41 49 42 85 41 53 45
"g9702" 2185 1446 1632 1635 1504 2035 2038 1370 3729 1584
"g9703" 29 89 60 30 93 81 27 31 85 236
"g9704" 325 62 13 218 146 83 210 157 244 97
"g9705" 15781 13064 10002 13474 12986 9697 16740 13983 20666 13336
"g9706" 388 324 281 376 240 254 666 220 532 604
"g9707" 954 411 484 266 607 373 657 898 648 472
"g9708" 187 182 152 179 203 98 91 88 171 197
"g9709" 32 28 6 17 15 1 27 43 3 82
"g9710" 5433 2879 2843 3712 3007 3765 5907 2537 4567 3336
"g9711" 29 23 26 26 42 25 57 29 11 22
"g9712" 29 16 9 18 19 19 33 18 13 11
"g9713" 9 9 1 0 7 0 0 2 0 6
"g9714" 10 13 11 14 17 17 28 9 28 13
"g9715" 36 29 18 19 24 38 59 37 35 35
"g9716" 3 1 0 1 1 0 2 5 3 2
"g9717" 308 715 857 219 27 27 607 151 2 103
"g9718" 0 1 1 2 4 4 1 0 7 7
"g9719" 1 1 2 1 2 8 2 0 15 4
"g9720" 52 32 68 50 8 65 39 32 86 56
"g9721" 24 13 17 32 10 10 37 9 25 20
"g9722" 555 662 463 666 602 747 1013 585 1107 595
"g9723" 13 10 9 13 15 5 11 4 16 10
"g9724" 98 13 13 268 44 31 102 2 46 0
"g9725" 3 0 4 2 0 9 6 1 4 3
"g9726" 623 572 862 908 795 943 1566 638 565 430
"g9727" 4 3 2 0 8 2 5 2 5 4
"g9728" 71 60 108 107 109 69 96 100 127 92
"g9729" 41 75 7 6 18 43 66 16 7 121
"g9730" 96 70 88 128 63 146 58 219 23 254
"g9731" 55 32 50 61 52 51 81 47 52 46
"g9732" 2951 1078 3073 3425 3765 2682 6698 1956 1671 996
"g9733" 0 5 1 3 1 2 1 0 1 2
"g9734" 36 8 29 17 9 1 28 45 56 35
"g9735" 110 55 28 53 56 73 102 12 51 27
"g9736" 5 9 1 0 0 4 23 1 6 1
"g9737" 1383 931 676 1160 1347 908 1446 1167 1343 1109
"g9738" 552 232 343 472 488 279 736 201 417 307
"g9739" 1205 711 632 1339 1041 965 702 544 918 1746
"g9740" 40 10 18 36 27 27 49 40 38 9
"g9741" 441 253 291 239 306 328 352 256 245 325
"g9742" 2 27 12 19 34 29 41 48 38 34
"g9743" 0 0 0 7 0 1 1 0 1 0
"g9744" 53 78 160 205 445 104 416 71 51 4
"g9745" 47 25 37 80 30 35 69 24 64 38
"g9746" 87 144 52 152 269 219 515 68 110 142
"g9747" 234 112 99 124 24 91 114 128 80 51
"g9748" 400 557 371 259 425 363 1009 253 625 695
"g9749" 1775 1984 1127 1945 1026 1046 1996 1205 1656 1256
"g9750" 450 169 273 169 118 410 481 269 437 60
"g9751" 0 2 3 0 3 1 1 2 2 0
"g9752" 0 14 0 3 6 6 2 4 0 3
"g9753" 253 151 103 70 98 128 386 228 177 354
"g9754" 33 37 63 27 10 69 29 67 50 47
"g9755" 52 101 98 48 82 54 91 66 86 66
"g9756" 10137 3190 5178 5227 4820 5481 11799 8911 3502 8453
"g9757" 0 0 0 0 21 3 0 0 10 0
"g9758" 64 31 53 39 42 23 54 45 42 46
"g9759" 11 1 6 3 7 0 7 6 2 0
"g9760" 3 1 1 5 5 4 7 4 4 6
"g9761" 670 745 719 887 694 691 1334 892 1024 1149
"g9762" 24 5 10 11 6 2 13 11 4 10
"g9763" 22 71 21 69 169 118 31 41 13 65
"g9764" 22 16 14 19 11 11 25 18 29 21
"g9765" 415 135 315 433 196 306 382 218 416 391
"g9766" 496 403 2495 734 965 1310 982 1297 754 981
"g9767" 401 415 366 399 341 393 472 368 752 555
"g9768" 10742 3334 2358 1824 4886 6433 4210 4676 9758 1521
"g9769" 3 3 9 10 1 10 35 4 34 52
"g9770" 162 154 85 117 158 87 266 95 158 42
"g9771" 216 62 154 189 74 60 111 93 178 214
"g9772" 0 3 1 2 2 1 3 1 2 2
"g9773" 800 2304 1192 774 1055 403 1457 1157 1244 999
"g9774" 46 16 23 30 32 57 54 19 55 59
"g9775" 3 3 3 4 2 4 5 0 0 0
"g9776" 1554 666 531 769 1193 735 414 628 1391 940
"g9777" 160 163 380 126 213 202 409 159 318 82
"g9778" 239 92 1 92 47 56 1 108 3 135
"g9779" 2849 3011 1549 1977 1912 2571 3429 1323 1738 2260
"g9780" 1004 183 356 301 741 377 859 276 470 708
"g9781" 1 0 6 4 0 2 0 2 7 2
"g9782" 40 26 31 40 16 9 34 15 25 20
"g9783" 38 65 22 37 40 62 38 36 47 83
"g9784" 123 103 95 97 92 92 98 102 87 108
"g9785" 755 330 415 679 943 604 1099 196 987 437
"g9786" 44 18 31 20 51 72 14 1 33 10
"g9787" 0 0 9 15 0 0 2 0 0 0
"g9788" 501 430 441 522 491 356 601 555 628 334
"g9789" 32 27 39 31 26 22 23 21 80 63
"g9790" 13 4 5 6 4 23 19 8 5 7
"g9791" 11750 6972 4691 11752 4616 10038 7895 4702 14870 13220
"g9792" 377 43 230 40 193 90 183 204 346 265
"g9793" 112 51 18 40 53 95 135 85 179 183
"g9794" 3 14 8 2 0 10 1 10 1 1
"g9795" 23 44 22 20 27 35 13 36 41 13
"g9796" 463 800 1168 214 181 305 2022 14 264 471
"g9797" 4 0 2 0 1 4 5 2 5 3
"g9798" 3 7 0 3 4 4 2 1 1 3
"g9799" 59 17 13 82 92 13 79 32 63 45
"g9800" 17 4 29 14 13 26 18 12 18 17
"g9801" 6 48 9 31 59 28 94 63 20 6
"g9802" 7 5 2 5 2 7 3 3 2 3
"g9803" 8 11 6 11 13 14 15 10 22 19
"g9804" 14 25 25 19 19 18 34 15 38 16
"g9805" 1986 1497 1238 1153 2201 2779 2241 1724 1308 663
"g9806" 886 1702 882 767 935 811 1851 1279 1283 1112
"g9807" 1163 583 833 418 580 403 1765 1577 1493 905
"g9808" 4497 1340 1391 1900 1410 1053 3686 1804 2153 2284
"g9809" 59 392 181 391 310 136 344 360 273 257
"g9810" 779 483 465 677 627 389 404 566 727 527
"g9811" 11547 5048 7086 3786 10934 2912 4960 4510 7904 8651
"g9812" 822 676 724 931 502 1204 993 836 852 947
"g9813" 72 38 76 74 65 76 46 39 80 59
"g9814" 9106 11633 5785 8617 5278 5411 15066 6833 15540 11024
"g9815" 5124 2879 4043 4266 5355 3948 8063 3932 5602 5029
"g9816" 583 343 434 388 596 516 433 366 546 400
"g9817" 58 72 57 125 81 51 89 114 78 131
"g9818" 455 135 232 425 160 661 29 1144 681 164
"g9819" 91 89 89 101 68 52 163 154 137 356
"g9820" 399 226 264 366 187 393 607 325 339 325
"g9821" 822 531 558 685 531 548 671 457 727 765
"g9822" 3 2 0 0 0 8 0 2 2 2
"g9823" 644 689 673 622 919 677 1049 782 622 709
"g9824" 8 6 25 29 36 51 63 30 11 22
"g9825" 46 38 50 36 31 21 54 47 55 46
"g9826" 276 802 338 489 988 597 448 180 660 622
"g9827" 60 24 48 44 28 45 58 40 64 48
"g9828" 159 50 104 131 77 53 117 82 111 72
"g9829" 10 4 11 7 6 1 3 16 18 21
"g9830" 6 8 0 1 4 0 1 0 29 0
"g9831" 4044 3367 2848 3618 3960 2590 4829 4110 6551 2857
"g9832" 49 63 60 25 36 52 79 50 126 87
"g9833" 375 151 166 166 241 206 347 193 299 224
"g9834" 4 5 2 1 2 1 12 6 4 11
"g9835" 8 1 45 1 16 0 45 60 14 0
"g9836" 2415 1722 1737 1617 2796 1749 3797 1319 2788 2168
"g9837" 52 198 28 22 190 45 62 119 14 50
"g9838" 1 0 0 2 6 1 2 4 6 2
"g9839" 955 580 476 771 501 453 658 747 1068 1002
"g9840" 8 16 15 22 9 12 8 5 13 15
"g9841" 262 266 140 130 265 144 405 164 191 180
"g9842" 773 359 384 425 550 574 782 375 553 770
"g9843" 322 156 146 324 227 180 383 240 304 212
"g9844" 238 93 175 279 163 144 357 249 219 372
"g9845" 17 30 24 23 15 36 52 18 31 48
"g9846" 110 230 201 135 100 232 189 233 133 103
"g9847" 0 1 0 0 2 1 0 1 0 4
"g9848" 12 23 4 26 38 13 14 17 27 33
"g9849" 48 146 19 75 99 47 69 23 294 247
"g9850" 255 86 412 247 430 206 631 373 159 128
"g9851" 36 13 21 32 21 22 35 30 11 18
"g9852" 32 13 29 13 30 34 40 31 38 13
"g9853" 25 9 11 17 5 13 2 2 1 5
"g9854" 282 447 301 229 364 350 384 223 425 329
"g9855" 3636 4114 3635 3705 3621 3491 5721 2865 3880 5096
"g9856" 180 194 284 201 520 220 339 330 384 805
"g9857" 91 22 21 44 56 35 44 20 22 63
"g9858" 19 16 6 10 15 9 18 16 20 0
"g9859" 22 9 0 7 0 23 1 0 6 7
"g9860" 6824 3472 3739 8254 7453 4550 5693 3064 6996 5750
"g9861" 12 8 10 14 9 14 13 12 16 18
"g9862" 6 2 3 0 8 1 3 2 5 1
"g9863" 5 25 20 10 26 5 20 3 15 19
"g9864" 176 56 191 290 93 63 62 97 242 127
"g9865" 122 14 96 21 51 70 96 23 86 16
"g9866" 108 63 106 76 166 53 121 168 137 50
"g9867" 0 8 0 9 2 1 8 1 6 1
"g9868" 7 4 5 7 2 6 8 4 6 4
"g9869" 772 479 459 548 584 473 733 307 547 494
"g9870" 27 5 7 2 17 11 7 2 11 7
"g9871" 3913 3205 4987 4250 7040 5296 7955 3571 6031 4457
"g9872" 25 9 6 9 7 8 25 7 10 17
"g9873" 71 36 42 58 73 32 130 61 25 59
"g9874" 729 442 494 392 529 696 915 425 609 694
"g9875" 28 14 15 9 0 44 19 5 35 8
"g9876" 1147 337 701 354 587 428 1138 713 957 597
"g9877" 473 409 441 460 468 241 344 400 628 614
"g9878" 24 63 319 96 291 131 256 192 519 151
"g9879" 930 468 1687 2205 2281 1807 959 1496 1576 3009
"g9880" 200 272 299 40 136 317 681 262 117 269
"g9881" 88 66 52 88 96 37 54 35 91 54
"g9882" 175 107 144 62 80 107 134 73 71 128
"g9883" 3 0 11 0 0 1 7 0 0 35
"g9884" 22871 11969 14409 17602 18236 13539 20551 11227 21868 19068
"g9885" 1092 1464 1412 1505 1460 785 1905 1016 1777 1798
"g9886" 27 4 2 31 5 8 13 2 9 6
"g9887" 5 6 1 2 2 1 2 0 0 3
"g9888" 26 34 46 19 36 26 70 41 155 42
"g9889" 50 35 119 43 39 13 52 62 60 26
"g9890" 361 305 471 127 317 381 963 313 430 409
"g9891" 148 342 289 172 271 186 468 294 334 425
"g9892" 6 5 5 0 8 9 5 4 19 9
"g9893" 14 15 24 22 11 8 52 14 40 27
"g9894" 347 231 145 285 306 361 747 169 676 413
"g9895" 2 1 3 4 5 8 7 2 4 2
"g9896" 4652 3593 1485 2339 3491 2263 5366 2476 4529 5596
"g9897" 128 52 229 175 78 227 45 37 160 152
"g9898" 18 27 35 18 9 17 40 30 2 9
"g9899" 0 5 3 0 0 2 30 7 38 1
"g9900" 238 474 45 97 177 46 142 136 173 123
"g9901" 71 13 20 12 9 35 51 24 5 29
"g9902" 6459 3788 4952 9531 4646 8019 13691 5910 8196 7284
"g9903" 132 117 93 87 135 112 175 162 137 67
"g9904" 851 755 271 654 569 298 992 345 395 1167
"g9905" 14 11 10 0 8 5 10 4 23 17
"g9906" 0 0 2 1 3 0 6 0 1 1
"g9907" 173 134 48 52 45 82 144 147 97 169
"g9908" 4046 2628 2418 3227 2552 2986 4558 2649 2911 4233
"g9909" 3 1 3 0 2 0 6 0 2 2
"g9910" 0 0 4 1 0 1 3 0 5 5
"g9911" 1875 1884 1471 2003 2752 2440 5652 3645 1826 2046
"g9912" 141 104 101 166 111 136 184 142 58 176
"g9913" 87 61 66 77 37 46 81 73 114 108
"g9914" 3007 2512 3097 2663 2007 2365 2766 2896 4636 6358
"g9915" 676 643 838 644 616 693 1518 582 869 1145
"g9916" 188 63 181 153 151 126 138 266 196 146
"g9917" 431 597 711 799 818 904 2053 1569 2011 1744
"g9918" 0 0 5 1 2 0 0 0 0 0
"g9919" 59 63 49 125 60 38 116 43 88 80
"g9920" 529 328 318 370 320 805 681 527 710 512
"g9921" 13 5 4 20 8 8 8 2 11 3
"g9922" 9 13 13 18 27 24 41 12 12 29
"g9923" 2072 1416 1352 1643 875 1695 5493 191 510 2268
"g9924" 80 7 19 54 24 30 34 38 18 24
"g9925" 623 631 363 552 625 534 566 467 932 422
"g9926" 0 0 0 6 0 1 0 0 0 6
"g9927" 638 182 355 442 134 354 487 243 361 466
"g9928" 24 11 5 10 8 11 17 10 24 7
"g9929" 56 70 55 65 46 66 95 67 98 36
"g9930" 411 410 260 427 414 332 1062 428 613 499
"g9931" 4181 3686 4511 5307 7456 4718 6299 2525 9732 5821
"g9932" 98 74 61 56 34 17 247 13 87 83
"g9933" 972 655 749 804 980 589 858 1072 920 1010
"g9934" 1123 657 530 750 681 504 1034 755 967 703
"g9935" 26 6 11 18 47 19 28 46 41 64
"g9936" 41 17 8 53 38 148 1 6 8 2
"g9937" 329 144 156 118 223 90 156 113 221 111
"g9938" 4577 1990 3161 3082 3712 1982 5370 2479 4197 3194
"g9939" 2 1 0 2 2 5 1 1 1 3
"g9940" 4930 2584 4744 4509 4235 3315 6962 4149 6123 4011
"g9941" 373 363 382 450 265 273 630 273 611 561
"g9942" 736 400 559 429 580 379 665 515 686 415
"g9943" 164 131 361 215 158 201 201 175 327 346
"g9944" 3 2 2 0 0 2 6 1 1 3
"g9945" 3077 965 714 913 475 1818 4808 542 1325 34
"g9946" 779 813 476 1016 1436 581 409 1707 2335 748
"g9947" 5987 1889 3835 1384 5364 1823 2220 4693 4374 2593
"g9948" 1096 1159 1491 684 445 1280 566 601 1148 880
"g9949" 544 259 213 218 992 113 394 948 272 1311
"g9950" 1127 440 501 478 245 473 1111 593 609 304
"g9951" 71 99 38 73 54 60 168 159 33 20
"g9952" 581 137 297 60 337 106 175 174 102 233
"g9953" 1130 811 1019 693 951 844 1715 657 1226 1267
"g9954" 101 92 46 193 60 88 256 151 219 130
"g9955" 1214 1260 1263 1286 961 1333 1298 1274 1929 1316
"g9956" 10 3 10 11 10 8 10 11 6 12
"g9957" 290 718 2 430 217 827 318 34 22 133
"g9958" 312 91 57 311 433 237 387 57 349 194
"g9959" 627 488 720 863 517 535 1162 646 757 879
"g9960" 40 13 12 11 14 16 36 33 28 7
"g9961" 1058 602 366 450 785 807 587 495 960 633
"g9962" 200 92 68 98 106 133 189 67 230 140
"g9963" 119 5 3 28 15 15 91 52 18 8
"g9964" 217 145 105 110 132 126 222 150 281 241
"g9965" 539 249 234 421 334 572 597 713 444 332
"g9966" 58 238 108 63 144 102 69 53 111 157
"g9967" 4287 2614 4695 2664 2807 3076 5234 2174 4666 2998
"g9968" 19 183 315 57 24 80 53 150 289 131
"g9969" 901 862 886 778 704 1198 1256 1396 1492 1252
"g9970" 156 418 605 379 576 356 99 841 721 97
"g9971" 8 0 1 0 0 0 3 1 15 10
"g9972" 3483 2386 2668 3006 3463 2701 3469 2694 3476 2288
"g9973" 70 37 36 38 45 31 36 42 53 27
"g9974" 444 336 244 386 226 207 328 289 311 376
"g9975" 879 453 772 574 582 383 1182 505 752 428
"g9976" 685 988 1199 1015 701 1567 621 1393 1416 2259
"g9977" 818 406 409 598 635 487 748 340 922 378
"g9978" 8006 2172 3635 6782 6994 5176 9305 8705 5042 6492
"g9979" 14 13 16 15 40 20 39 29 32 30
"g9980" 121 129 79 56 125 92 119 86 81 159
"g9981" 0 0 1 8 1 7 4 4 4 1
"g9982" 8016 5623 7058 4296 5179 4162 10529 6191 9052 7401
"g9983" 559 252 617 374 674 980 867 783 374 573
"g9984" 245 290 323 454 442 316 459 354 630 226
"g9985" 60 20 30 14 42 39 40 46 49 36
"g9986" 104 70 63 65 53 55 76 63 69 101
"g9987" 5049 4181 3081 5026 3662 5141 6113 5488 4764 5751
"g9988" 39 25 39 39 51 38 76 30 27 66
"g9989" 248 36 66 78 57 31 67 53 41 86
"g9990" 63 27 41 33 21 42 52 22 81 42
"g9991" 763 530 518 290 481 344 996 480 741 610
"g9992" 26 9 36 34 30 57 106 31 76 41
"g9993" 2 0 1 5 4 2 3 3 2 1
"g9994" 4230 3640 2528 3205 2283 3481 4675 2653 4145 3128
"g9995" 10 2 0 4 3 0 1 4 2 1
"g9996" 23 34 29 2 0 2 0 5 0 1
"g9997" 260 83 330 199 241 100 410 381 330 434
"g9998" 1272 2510 3175 1570 1497 1864 4638 3879 8311 4948
"g9999" 494 358 222 209 539 555 575 338 847 510
"g10000" 10501 7040 9247 11384 8871 7468 16658 10747 15824 11639
"g10001" 140 103 284 82 152 140 300 180 281 144
"g10002" 213 87 116 73 100 170 141 126 156 160
"g10003" 0 2 0 2 1 0 5 0 0 0
"g10004" 495 239 217 456 216 313 519 263 319 289
"g10005" 478 850 929 1097 761 692 868 926 1038 723
"g10006" 3 2 4 3 2 5 15 2 4 1
"g10007" 47 5 18 74 91 50 86 55 61 39
"g10008" 250 457 271 278 319 402 285 405 487 236
"g10009" 9 3 0 0 1 1 16 0 8 0
"g10010" 484 385 335 241 294 488 410 417 286 741
"g10011" 570 253 296 504 376 492 569 388 595 495
"g10012" 6 12 13 6 13 19 16 6 6 7
"g10013" 54 86 115 88 82 83 100 37 135 104
"g10014" 421 514 302 291 387 292 737 346 507 557
"g10015" 1104 588 1196 621 538 1109 1004 707 1822 1020
"g10016" 372 1708 1310 1087 1426 1680 3221 1745 650 1919
"g10017" 0 3 0 3 4 5 7 5 6 3
"g10018" 1560 1642 987 1603 1522 1669 1650 1209 2349 2038
"g10019" 53 36 45 70 48 15 65 50 64 65
"g10020" 647 123 282 259 585 656 1386 412 734 464
"g10021" 66 11 20 39 56 8 43 1 17 25
"g10022" 2 0 1 5 1 5 0 3 4 7
"g10023" 63 32 41 34 50 48 33 20 98 51
"g10024" 2916 857 662 798 1579 1391 3279 1321 2002 1488
"g10025" 2107 2247 2307 2733 1633 1979 2661 1810 3283 1283
"g10026" 162 82 111 42 113 146 112 87 108 56
"g10027" 4 0 0 0 2 1 4 1 0 2
"g10028" 932 1081 872 1090 1300 871 1249 457 1458 966
"g10029" 454 237 183 674 1308 46 476 182 237 165
"g10030" 6 8 3 9 1 2 11 5 7 4
"g10031" 7 17 10 9 4 11 19 9 18 9
"g10032" 22 22 3 26 27 20 36 26 34 12
"g10033" 227 146 88 132 160 156 286 139 358 316
"g10034" 10182 7642 5845 5521 6374 6264 12220 4785 7302 7723
"g10035" 232 177 412 218 164 235 296 267 207 218
"g10036" 98 39 38 5 28 44 168 26 140 77
"g10037" 13863 5098 5779 3902 4653 5791 9462 10730 2887 5236
"g10038" 206 138 305 215 169 161 341 160 284 189
"g10039" 6 32 0 0 1 10 2 4 8 24
"g10040" 0 4 0 1 2 0 2 5 0 0
"g10041" 142 179 68 65 101 105 168 251 108 206
"g10042" 27 6 14 17 12 5 10 25 23 24
"g10043" 15 68 15 33 83 63 72 19 26 45
"g10044" 11384 10957 7258 9573 10317 16543 21327 9972 15404 14256
"g10045" 3176 729 976 657 2665 2379 3843 1295 977 2357
"g10046" 213 146 177 394 292 277 328 174 403 253
"g10047" 894 641 612 451 430 455 773 646 454 649
"g10048" 1 4 6 0 1 5 3 3 9 1
"g10049" 2 23 16 0 16 4 3 4 0 3
"g10050" 16 6 9 8 8 8 7 13 21 7
"g10051" 1378 1355 687 939 1562 956 974 774 960 1292
"g10052" 3 4 3 3 0 2 1 1 2 4
"g10053" 606 505 404 478 353 308 705 352 501 535
"g10054" 27 12 22 11 9 3 17 12 20 35
"g10055" 16 9 16 7 14 11 27 18 19 11
"g10056" 487 546 457 431 548 534 798 576 889 585
"g10057" 230 155 121 272 99 269 309 203 255 225
"g10058" 755 354 302 494 299 435 577 482 375 494
"g10059" 5016 3242 2904 4595 4239 4368 5894 3588 5901 3204
"g10060" 788 591 513 541 922 738 1164 351 969 723
"g10061" 908 760 612 560 513 551 1241 644 966 1078
"g10062" 73 40 54 53 54 45 76 29 69 78
"g10063" 1184 168 1066 1071 797 753 620 1616 926 507
"g10064" 2016 2422 1669 2542 2473 1281 2852 1711 3498 1392
"g10065" 1846 1528 1029 1010 1267 1035 1574 1019 1308 2116
"g10066" 106 34 104 52 56 95 74 41 49 31
"g10067" 4 5 1 2 0 6 0 0 3 1
"g10068" 5 120 54 8 26 47 258 33 15 213
"g10069" 241 207 148 204 175 156 746 249 285 298
"g10070" 5532 3983 4215 4609 4091 3907 7003 3552 7373 4658
"g10071" 63 37 30 35 49 47 59 45 52 75
"g10072" 261 140 115 313 320 97 298 266 588 154
"g10073" 133 157 69 78 167 108 185 104 181 56
"g10074" 79 39 44 43 34 24 113 24 53 16
"g10075" 56 43 37 5 11 21 39 7 65 25
"g10076" 8 1 4 6 15 8 11 10 5 1
"g10077" 55 19 53 39 14 40 17 32 15 28
"g10078" 67 58 39 106 62 78 54 111 51 79
"g10079" 367 215 127 126 143 173 245 423 461 131
"g10080" 250 214 289 196 334 276 549 108 273 193
"g10081" 0 4 0 2 18 0 3 0 0 0
"g10082" 1185 1291 249 1633 933 1075 2144 849 1724 1116
"g10083" 91 143 127 55 267 174 134 186 153 115
"g10084" 104 26 46 116 73 145 112 130 219 215
"g10085" 0 3 0 3 1 1 0 1 1 3
"g10086" 8 3 6 5 9 6 7 4 9 3
"g10087" 8096 1313 7240 3913 2842 4831 3401 4525 2064 6429
"g10088" 56 6 10 4 28 3 78 72 43 29
"g10089" 24 52 47 77 34 32 16 26 54 47
"g10090" 162 165 145 181 189 155 241 178 250 157
"g10091" 125 110 79 51 127 81 119 41 157 98
"g10092" 101 29 8 31 41 45 70 32 37 54
"g10093" 1 2 4 2 5 4 12 3 1 1
"g10094" 671 978 1419 1623 1205 1395 1235 1830 1341 2287
"g10095" 3 2 4 1 2 4 6 3 5 3
"g10096" 115 78 82 107 147 79 78 95 110 109
"g10097" 303 222 249 241 250 153 312 220 340 181
"g10098" 1117 590 1292 1041 1206 1425 1456 808 993 1112
"g10099" 3 3 0 1 2 0 1 4 1 0
"g10100" 935 824 656 775 793 974 1062 508 1273 851
"g10101" 1 2 2 1 0 6 1 0 4 8
"g10102" 0 11 1 1 0 0 60 1 7 8
"g10103" 0 4 0 2 0 0 2 1 0 5
"g10104" 42 12 9 36 4 23 16 11 23 65
"g10105" 959 848 556 705 532 762 698 895 1130 462
"g10106" 100 121 191 91 94 72 70 86 281 198
"g10107" 607 925 748 376 799 505 638 819 1771 636
"g10108" 3763 2662 3271 1664 3138 2472 5221 2762 2934 4644
"g10109" 0 0 0 11 1 4 0 1 7 20
"g10110" 709 267 64 281 87 119 356 302 263 153
"g10111" 0 0 0 0 0 0 2 1 0 1
"g10112" 16 16 19 32 17 14 24 12 34 21
"g10113" 2 2 3 3 1 2 3 0 2 3
"g10114" 523 214 429 375 381 175 304 252 570 253
"g10115" 1106 1374 1214 1154 836 1142 1610 1041 2144 887
"g10116" 17 6 6 9 10 26 19 10 10 11
"g10117" 23 19 14 23 13 30 41 9 20 5
"g10118" 1093 304 901 851 324 518 1147 248 1163 1044
"g10119" 142 120 238 131 222 228 445 317 301 99
"g10120" 63 48 74 81 45 66 104 41 77 82
"g10121" 4 0 0 0 2 1 1 4 0 1
"g10122" 104 105 85 84 61 63 142 76 115 80
"g10123" 0 0 0 3 2 0 4 0 0 1
"g10124" 1364 683 432 425 933 688 1349 665 685 1079
"g10125" 119 83 94 89 86 101 146 52 64 94
"g10126" 367 804 432 650 408 355 1178 760 521 405
"g10127" 670 750 1192 425 749 822 3305 3266 1247 1116
"g10128" 53 78 70 69 59 33 83 55 113 64
"g10129" 27 2 23 4 15 3 14 3 6 6
"g10130" 714 955 980 921 1827 1378 152 693 1083 628
"g10131" 6 29 5 13 6 9 5 5 4 19
"g10132" 46 0 29 34 20 3 25 10 9 47
"g10133" 72 0 0 1 4 1 2 0 3 0
"g10134" 181 196 123 187 170 222 345 238 295 108
"g10135" 2 1 0 2 9 0 0 8 4 1
"g10136" 8 18 27 28 49 48 19 58 24 33
"g10137" 13 33 66 0 146 110 0 45 195 68
"g10138" 13 10 14 76 0 0 0 3 101 12
"g10139" 885 323 265 654 412 390 1166 632 1009 637
"g10140" 1061 757 1303 663 796 1085 1002 857 758 1378
"g10141" 106 114 128 128 149 74 112 138 153 107
"g10142" 16 10 7 11 5 14 8 9 11 8
"g10143" 1039 935 950 582 739 810 2219 807 1773 952
"g10144" 321 183 250 144 184 239 389 173 237 183
"g10145" 1263 495 826 798 852 800 832 340 844 494
"g10146" 54 13 42 6 74 27 41 38 85 57
"g10147" 2771 1464 1452 1544 1302 1518 1642 1041 1568 1923
"g10148" 137 142 118 220 127 199 177 143 327 289
"g10149" 177 69 195 316 105 84 186 176 120 126
"g10150" 1344 1535 1911 1992 1481 1200 3225 1170 4304 1554
"g10151" 40 28 22 29 33 22 23 21 25 20
"g10152" 95 14 39 25 41 44 22 22 34 39
"g10153" 140 90 14 24 69 211 295 202 86 67
"g10154" 704 136 85 197 235 209 508 229 332 295
"g10155" 2498 5962 4290 4559 4880 5564 11199 1165 2609 4139
"g10156" 3123 1932 1806 1382 1588 2247 3558 2004 2035 2135
"g10157" 5 7 7 0 2 3 8 3 1 10
"g10158" 6994 2768 7303 4805 1586 10772 8717 4649 12474 9557
"g10159" 3884 3048 2270 3144 2788 2480 4961 2971 4290 3302
"g10160" 24 197 114 286 15 627 127 149 188 161
"g10161" 5 2 0 2 4 1 1 2 1 4
"g10162" 725 540 533 192 264 443 493 414 863 477
"g10163" 26 18 24 11 20 4 36 21 25 17
"g10164" 1067 1314 1096 1251 981 980 1888 839 1569 1400
"g10165" 23 16 19 22 19 9 9 11 8 8
"g10166" 10 1 2 7 2 4 3 9 0 9
"g10167" 195 167 30 18 648 6 2 12 964 240
"g10168" 0 0 1 7 0 0 0 0 0 100
"g10169" 319 671 626 1580 906 1068 607 943 1991 769
"g10170" 876 472 591 843 1116 609 1396 917 605 843
"g10171" 195 269 184 472 208 950 66 60 632 143
"g10172" 72 36 99 48 44 36 175 55 125 54
"g10173" 31 0 3 34 18 7 9 1 9 43
"g10174" 95 240 209 73 341 164 50 57 21 65
"g10175" 28 12 20 7 20 8 24 12 8 14
"g10176" 41 22 14 39 12 25 41 36 28 57
"g10177" 6 2 4 7 2 7 8 6 10 10
"g10178" 4 7 3 6 1 1 4 4 1 1
"g10179" 630 223 193 381 274 396 1020 370 313 484
"g10180" 1043 1051 889 931 840 844 1733 862 985 1154
"g10181" 27 47 19 34 11 10 60 10 87 7
"g10182" 1123 1197 1260 251 386 526 3319 1015 3002 736
"g10183" 1 2 1 0 1 1 5 1 2 1
"g10184" 153 1802 515 1024 630 3420 2772 1039 2146 1346
"g10185" 33 15 77 49 81 53 38 68 99 14
"g10186" 175 332 266 342 127 223 331 93 276 104
"g10187" 112 34 40 54 14 86 59 154 48 16
"g10188" 361 199 243 249 390 246 366 251 673 383
"g10189" 12 6 7 8 17 7 21 12 5 17
"g10190" 21 24 24 15 9 5 60 20 46 12
"g10191" 157 235 144 269 213 284 511 52 265 540
"g10192" 1174 425 329 176 1075 601 180 743 868 571
"g10193" 2 0 0 1 2 1 4 0 2 2
"g10194" 309 232 138 161 118 194 203 166 173 167
"g10195" 25 3 112 164 34 122 46 53 26 100
"g10196" 13 3 3 72 1 83 24 46 12 27
"g10197" 5 2 5 5 2 1 5 1 1 3
"g10198" 758 792 1009 968 728 952 870 644 1191 556
"g10199" 185 147 223 118 296 119 228 115 131 261
"g10200" 8819 9916 9457 5658 7030 7635 7985 8559 13900 10734
"g10201" 459 404 362 418 597 678 778 609 582 574
"g10202" 1182 876 1255 1156 1158 1514 1352 794 1684 1411
"g10203" 110 25 23 35 58 82 69 60 27 98
"g10204" 210 5 66 5 3 158 16 37 45 74
"g10205" 479 305 261 389 295 150 244 209 368 211
"g10206" 35 83 60 61 90 127 46 91 77 71
"g10207" 7259 4856 5824 3401 1386 2600 7532 3873 3151 3860
"g10208" 2 3 1 2 1 4 5 1 2 0
"g10209" 843 583 530 486 502 543 1173 484 745 661
"g10210" 16 11 19 27 27 17 26 25 28 43
"g10211" 0 1 0 1 0 1 0 2 1 0
"g10212" 151141 40826 86952 79457 15585 64782 84423 76352 179148 72496
"g10213" 96 77 121 123 39 232 65 167 47 175
"g10214" 6739 3217 4684 4154 4603 5368 3633 5947 5559 6848
"g10215" 0 1 24 2 4 0 5 3 1 4
"g10216" 57 36 34 45 46 23 42 35 66 62
"g10217" 4 5 3 1 3 1 1 4 4 0
"g10218" 21 4 11 6 47 24 44 19 30 5
"g10219" 2 2 3 8 4 1 3 7 3 4
"g10220" 19312 14477 9038 14247 12235 13464 16995 9052 13039 9898
"g10221" 144 48 53 117 119 80 79 59 77 220
"g10222" 361 89 171 175 153 276 265 310 605 489
"g10223" 0 0 0 0 0 1 1 0 0 1
"g10224" 1 0 2 5 7 3 3 3 17 3
"g10225" 67 121 82 59 144 306 83 180 235 258
"g10226" 7 3 7 3 5 6 2 4 3 8
"g10227" 436 290 182 238 313 314 603 228 383 311
"g10228" 48 20 58 39 44 75 79 78 126 73
"g10229" 87 5 23 0 6 19 122 14 24 54
"g10230" 46 24 21 59 41 41 38 34 36 72
"g10231" 471 209 413 297 247 628 489 453 358 307
"g10232" 1 0 2 2 1 6 0 2 6 5
"g10233" 7 13 1 10 97 0 1 15 18 0
"g10234" 45 58 44 69 46 86 140 49 116 113
"g10235" 21 12 53 28 16 34 29 24 35 22
"g10236" 391 465 420 658 469 664 864 444 922 433
"g10237" 3525 2615 3423 2283 3568 2572 4902 2897 4273 3401
"g10238" 866 539 546 724 494 592 870 419 623 862
"g10239" 247 36 31 194 95 85 4 169 5 404
"g10240" 1253 444 838 570 581 818 1107 1351 1141 778
"g10241" 0 0 0 0 2 1 3 0 1 2
"g10242" 1316 1028 1086 722 774 714 1310 1064 1123 1018
"g10243" 1 7 10 5 17 6 3 12 11 3
"g10244" 43 7 42 11 21 13 29 66 4 12
"g10245" 4 3 7 11 1 4 11 2 15 2
"g10246" 2 0 1 2 3 0 3 2 2 4
"g10247" 51 60 27 38 33 26 24 45 59 56
"g10248" 10 25 25 13 27 36 19 21 25 35
"g10249" 1559 1443 2312 1466 1695 3211 2495 1268 1796 2410
"g10250" 35 1 2 6 4 4 10 2 0 11
"g10251" 37 399 112 168 111 327 481 303 186 357
"g10252" 1 1 1 2 2 2 1 2 3 3
"g10253" 310 350 431 274 228 353 439 288 406 491
"g10254" 417 475 614 537 426 730 952 400 417 599
"g10255" 1 1 2 5 2 7 3 0 3 2
"g10256" 41 48 29 9 45 37 24 43 127 80
"g10257" 352 237 412 285 182 352 1900 331 857 417
"g10258" 23 41 17 8 9 11 25 17 31 37
"g10259" 4 24 86 67 8 0 13 42 8 37
"g10260" 253 214 273 332 312 301 203 223 503 409
"g10261" 6 10 3 15 18 6 19 1 6 9
"g10262" 50 10 24 21 34 24 14 21 22 24
"g10263" 9 11 7 13 12 2 5 0 4 0
"g10264" 13 42 17 25 22 24 16 10 9 25
"g10265" 353 364 114 717 144 283 936 213 895 563
"g10266" 638 533 173 95 432 638 780 641 262 942
"g10267" 144 44 36 65 20 50 92 33 88 18
"g10268" 403 285 504 439 451 197 666 535 1141 538
"g10269" 1 0 4 5 4 4 5 4 6 3
"g10270" 5 2 0 4 2 1 2 1 4 0
"g10271" 1224 362 460 492 639 406 616 816 1249 787
"g10272" 1863 1815 1372 3100 1099 1226 2163 7282 1118 3996
"g10273" 284 84 356 289 276 277 185 170 384 309
"g10274" 1 0 1 7 2 1 0 1 2 3
"g10275" 59 2 93 8 11 0 0 0 0 1
"g10276" 74 58 109 78 53 29 93 56 164 78
"g10277" 174 119 114 130 240 208 356 76 302 242
"g10278" 139 371 257 405 140 184 317 390 267 313
"g10279" 1 1 1 2 1 1 2 0 3 2
"g10280" 918 573 509 724 399 743 842 408 894 616
"g10281" 13 12 4 32 36 8 45 33 9 4
"g10282" 618 1086 867 876 669 794 675 1063 1348 1092
"g10283" 3852 3176 3085 4070 3279 3011 6850 3065 5107 3335
"g10284" 146 90 117 127 88 175 133 89 168 159
"g10285" 1 2 3 3 2 4 0 0 0 0
"g10286" 0 0 6 0 2 30 3 7 12 4
"g10287" 1754 1627 863 1345 1136 1757 2390 1193 2030 1793
"g10288" 732 480 466 657 501 580 702 428 711 501
"g10289" 52 59 43 48 202 35 33 111 103 120
"g10290" 395 338 471 544 517 381 1199 385 756 486
"g10291" 1540 1087 3224 3044 1314 2968 4833 1764 2835 2545
"g10292" 193 146 96 157 85 181 236 162 208 139
"g10293" 72 528 193 301 74 514 359 157 216 389
"g10294" 3313 2592 2306 3263 3739 4987 5351 3009 5046 4231
"g10295" 32 24 16 8 14 8 20 18 7 30
"g10296" 103 65 60 65 167 88 118 63 86 100
"g10297" 70 170 76 96 78 70 89 110 120 69
"g10298" 1 4 5 0 0 3 1 0 2 1
"g10299" 71 42 32 48 77 41 61 63 79 64
"g10300" 99 45 24 90 111 116 106 45 95 132
"g10301" 4 2 11 9 3 7 25 10 9 12
"g10302" 25 25 39 22 31 15 30 33 32 8
"g10303" 0 3 0 2 2 0 4 0 2 0
"g10304" 21 13 6 7 12 10 3 8 6 19
"g10305" 1709 2124 2073 2029 2109 1233 3966 1971 4206 2414
"g10306" 1583 1914 1740 1485 1800 1494 2383 1655 2536 1800
"g10307" 757 392 160 319 592 604 642 275 359 608
"g10308" 190 71 96 36 25 33 71 0 131 28
"g10309" 88643 30779 121666 121163 79015 54440 139290 68110 90668 40813
"g10310" 5 7 12 0 3 3 5 2 1 7
"g10311" 114 88 71 94 95 127 114 126 110 79
"g10312" 4 0 0 7 24 0 0 0 7 2
"g10313" 1233 897 684 914 871 637 1114 1012 1457 1160
"g10314" 2445 1773 1380 3602 3926 2758 3067 1470 1811 3266
"g10315" 2345 2351 2068 2150 2894 2821 4121 2594 3281 3706
"g10316" 883 536 689 702 978 500 1095 377 952 805
"g10317" 561 409 407 632 536 490 488 402 927 412
"g10318" 2 5 8 5 4 3 8 7 16 3
"g10319" 21 52 13 25 36 15 99 38 50 74
"g10320" 4 1 25 6 5 14 0 0 14 0
"g10321" 0 11 6 1 8 13 4 3 10 21
"g10322" 1322 1025 1004 1117 1323 861 1551 1006 1715 1099
"g10323" 95 4 18 17 0 60 140 0 88 33
"g10324" 2535 1561 1867 1703 1984 1805 2346 1380 2475 1567
"g10325" 18 25 41 45 47 31 75 50 77 45
"g10326" 60 11 12 6 12 23 21 9 18 21
"g10327" 126 58 53 102 50 31 102 73 108 98
"g10328" 934 574 760 589 824 846 1206 1008 1062 718
"g10329" 41 51 67 180 47 48 223 93 64 89
"g10330" 144 349 216 139 301 37 129 85 562 282
"g10331" 862 426 1017 992 1521 456 1121 576 2418 840
"g10332" 543 594 388 608 549 831 1144 836 811 1083
"g10333" 571 441 157 320 281 278 471 298 490 375
"g10334" 20 15 7 16 32 14 18 5 17 23
"g10335" 909 372 629 279 409 617 527 367 1104 1638
"g10336" 30 4 1 8 0 6 0 3 2 1
"g10337" 788 608 978 778 787 886 1250 1105 1142 1593
"g10338" 2235 1033 1536 1630 1242 1908 2731 1583 2266 1012
"g10339" 10 6 12 10 4 5 12 14 11 4
"g10340" 3417 2542 2261 3638 2486 3143 5634 2135 5992 1799
"g10341" 0 5 210 11 2 33 33 0 13 2
"g10342" 9737 19973 9404 8203 17610 10201 9503 10537 16086 6688
"g10343" 470 295 144 342 640 645 327 204 214 505
"g10344" 53 0 33 5 60 9 77 22 33 14
"g10345" 15 5 11 3 2 2 10 9 11 6
"g10346" 3824 4798 3230 5744 4202 3752 7375 4020 5870 5350
"g10347" 456 263 248 300 267 333 362 320 223 253
"g10348" 496 433 450 291 485 395 438 364 715 311
"g10349" 3 2 4 3 1 0 1 1 4 2
"g10350" 21 16 26 134 13 0 128 0 3 70
"g10351" 4 47 6 26 16 1 96 5 24 29
"g10352" 8 8 4 6 17 11 6 4 19 8
"g10353" 698 690 649 466 350 903 684 485 481 654
"g10354" 465 803 633 758 1284 919 1834 385 1184 1171
"g10355" 36 3 12 0 0 28 1 1 2 10
"g10356" 10 0 11 0 0 10 31 24 10 10
"g10357" 3477 2294 1738 1810 2417 3335 2554 2525 2087 2572
"g10358" 59 26 30 42 40 54 52 50 27 44
"g10359" 16 11 8 11 16 21 18 20 14 8
"g10360" 8 5 6 11 7 3 9 0 6 9
"g10361" 76 14 52 6 23 8 48 12 29 23
"g10362" 143 88 120 95 53 70 35 109 56 271
"g10363" 757 503 631 767 795 740 1020 734 1013 1130
"g10364" 299 220 213 290 228 275 390 223 406 387
"g10365" 32 65 14 46 47 46 98 38 108 82
"g10366" 28 33 37 55 21 108 66 61 84 86
"g10367" 0 12 19 9 1 11 4 4 12 4
"g10368" 379 824 488 333 547 216 447 683 707 616
"g10369" 2223 1066 1129 1491 1151 1240 1187 1438 1854 1210
"g10370" 79 13 31 11 77 45 371 63 28 75
"g10371" 38 29 56 21 34 36 42 40 126 52
"g10372" 189 145 159 113 170 344 191 225 188 226
"g10373" 38 11 19 15 9 15 11 13 15 36
"g10374" 1035 632 757 622 644 928 1099 807 763 1000
"g10375" 1883 1786 2696 1211 2675 2047 2756 2849 3350 2660
"g10376" 69 47 99 39 80 49 72 18 70 51
"g10377" 6526 4997 1191 2710 3272 4722 8201 5620 3807 5905
"g10378" 26 58 5 108 44 14 31 63 15 25
"g10379" 4095 3176 4196 5270 3944 2880 5809 3866 4271 3532
"g10380" 13 0 6 14 2 7 13 3 1 4
"g10381" 351 141 283 389 321 299 522 277 540 364
"g10382" 615 521 357 696 600 405 594 406 481 501
"g10383" 621 395 80 577 384 351 690 405 1037 533
"g10384" 30 49 101 30 28 43 154 66 36 56
"g10385" 39 164 128 129 61 62 2 192 27 35
"g10386" 2314 1909 2128 1677 1995 3757 2345 1657 3779 1955
"g10387" 39 12 22 21 35 15 79 13 63 49
"g10388" 5 8 3 2 1 3 9 3 5 5
"g10389" 1353 675 1152 780 851 934 1194 801 744 1020
"g10390" 787 474 582 551 939 661 1340 769 290 689
"g10391" 238 156 483 356 420 321 426 176 488 209
"g10392" 935 809 534 694 718 830 1039 640 958 1020
"g10393" 574 1838 883 610 1854 907 1129 2469 1633 2442
"g10394" 2503 791 837 1030 968 1695 1183 618 1200 1643
"g10395" 9 8 9 1 24 9 23 14 40 12
"g10396" 3881 133 5 154 39 651 82 235 277 63
"g10397" 408 242 176 202 134 95 229 201 238 318
"g10398" 719 305 255 619 329 284 465 197 160 212
"g10399" 963 405 300 482 636 344 826 571 698 690
"g10400" 802 1409 1396 976 1500 1169 3916 1063 2513 1361
"g10401" 808 896 771 1373 1374 450 2140 708 1708 1924
"g10402" 171 94 186 205 40 608 420 543 548 258
"g10403" 98 304 497 93 322 593 160 135 253 356
"g10404" 97 27 16 40 38 84 111 37 27 52
"g10405" 313 230 573 246 323 372 703 347 611 571
"g10406" 29 17 8 24 11 22 29 12 19 22
"g10407" 286 196 181 115 315 89 334 199 247 189
"g10408" 1617 539 1018 1113 2024 1978 4327 299 2137 527
"g10409" 5 2 7 10 3 6 7 4 5 7
"g10410" 1111 1010 1477 1854 2239 1740 1213 1721 1054 1709
"g10411" 62 104 11 52 153 28 253 76 396 76
"g10412" 174 124 177 82 131 360 214 178 249 418
"g10413" 489 374 363 332 357 342 568 360 520 452
"g10414" 4 4 1 3 3 3 6 8 4 2
"g10415" 5 1 2 1 6 1 6 3 0 0
"g10416" 3 2 5 0 14 0 0 8 1 0
"g10417" 259 153 257 76 150 125 289 98 264 149
"g10418" 443 431 383 330 276 401 766 397 373 276
"g10419" 598 456 277 502 216 148 428 246 584 306
"g10420" 2 1 5 0 2 4 5 3 2 1
"g10421" 554 43 99 598 593 444 523 386 118 247
"g10422" 48 30 25 64 41 48 60 26 58 55
"g10423" 930 554 1200 809 853 704 962 749 1402 941
"g10424" 7178 6618 5888 6059 3872 1904 9023 3816 7552 8784
"g10425" 42 32 22 24 15 13 66 28 15 59
"g10426" 1693 1234 2431 1808 1797 1389 1651 1443 1518 2011
"g10427" 85 74 50 148 169 136 30 75 189 54
"g10428" 41 10 11 29 33 17 61 20 29 13
"g10429" 91 158 314 293 419 290 550 440 362 286
"g10430" 395 307 420 332 347 429 671 566 389 383
"g10431" 1 0 0 7 7 4 2 3 1 9
"g10432" 1 6 5 2 1 3 3 3 6 2
"g10433" 53 76 38 68 76 60 208 11 87 29
"g10434" 1684 800 1680 1128 636 908 1852 1553 1287 1400
"g10435" 73 82 74 76 68 80 63 137 120 90
"g10436" 971 567 756 973 1130 788 1064 819 924 1034
"g10437" 72 41 198 54 96 108 216 237 318 133
"g10438" 149 110 320 85 91 52 85 46 84 99
"g10439" 5 2 0 0 0 10 0 0 1 5
"g10440" 47 214 434 68 207 187 910 177 417 77
"g10441" 7 26 4 26 18 10 24 23 17 29
"g10442" 425 259 249 573 401 369 346 376 464 536
"g10443" 47 12 11 4 10 3 59 22 8 6
"g10444" 161 247 223 260 182 178 434 248 317 208
"g10445" 228 166 172 261 160 389 443 83 156 206
"g10446" 9 3 16 12 7 16 25 11 8 43
"g10447" 2 4 3 0 2 0 8 0 3 4
"g10448" 6 9 3 10 8 1 12 1 29 42
"g10449" 3 33 13 36 42 11 48 22 58 38
"g10450" 76 386 1095 128 47 75 1053 151 369 987
"g10451" 4 1 0 12 2 1 5 0 0 0
"g10452" 77 38 26 82 75 63 83 58 52 36
"g10453" 27 24 12 31 22 21 37 13 60 43
"g10454" 26 51 17 27 26 34 22 16 37 33
"g10455" 7 5 5 3 11 0 13 12 5 0
"g10456" 103 137 90 116 156 147 54 167 182 147
"g10457" 292 132 99 218 211 176 271 246 234 290
"g10458" 7 0 1 1 0 3 0 1 2 8
"g10459" 5 1 5 4 2 3 1 6 0 3
"g10460" 40 5 12 10 95 7 5 5 4 13
"g10461" 2675 1585 2852 2984 2279 724 4758 2686 3204 1932
"g10462" 518 286 270 153 242 380 224 364 208 433
"g10463" 640 842 682 926 555 734 675 568 782 763
"g10464" 69 39 81 86 41 49 24 69 114 40
"g10465" 0 0 0 0 1 0 0 0 3 0
"g10466" 6 7 1 2 3 2 4 3 5 1
"g10467" 236 903 499 534 199 159 184 92 372 373
"g10468" 40 19 49 16 41 7 69 34 51 19
"g10469" 29 35 61 86 74 4 93 103 17 26
"g10470" 48 29 21 53 35 37 32 12 63 44
"g10471" 166 90 109 147 60 89 165 98 275 88
"g10472" 1 6 2 6 5 8 5 1 1 3
"g10473" 680 640 438 822 818 452 952 824 775 1050
"g10474" 10200 5871 5551 6545 7943 9876 10357 8914 10405 7831
"g10475" 50 46 46 30 31 26 21 28 10 31
"g10476" 303 185 145 120 126 181 212 197 231 248
"g10477" 1809 3142 2734 4592 1381 3407 4387 4465 3184 5538
"g10478" 25 14 18 13 22 36 36 21 32 23
"g10479" 228 186 209 219 320 217 381 56 730 528
"g10480" 8019 16321 12437 17534 14492 14288 9953 6193 19036 18142
"g10481" 28 14 19 15 16 22 14 7 40 30
"g10482" 1340 981 853 884 754 791 1492 1446 1286 1875
"g10483" 140 39 23 24 85 70 70 8 78 68
"g10484" 573 352 488 631 317 402 566 341 251 409
"g10485" 1 2 0 2 3 0 4 0 0 5
"g10486" 2 0 0 1 4 3 4 3 14 11
"g10487" 25 15 25 8 15 11 35 29 12 11
"g10488" 1277 1515 1136 1303 1545 814 2087 1816 2198 1777
"g10489" 0 0 0 0 1 2 1 0 0 0
"g10490" 18 3 17 13 13 6 24 10 20 13
"g10491" 0 1 0 0 1 1 6 2 0 0
"g10492" 2 0 0 4 8 3 13 9 1 4
"g10493" 7 8 1 0 8 2 14 2 6 4
"g10494" 10088 8332 7461 8219 5418 8591 5836 2930 5424 11461
"g10495" 379 234 241 273 216 228 196 112 201 406
"g10496" 32 7 21 17 19 8 23 18 179 15
"g10497" 21 10 7 10 22 10 19 21 16 18
"g10498" 135 28 57 28 52 10 107 38 55 80
"g10499" 281 185 175 191 208 198 393 130 205 207
"g10500" 2 11 80 4 6 28 37 10 15 31
"g10501" 1877 1068 1518 1081 1353 900 2519 966 1180 1513
"g10502" 1013 654 898 1181 1110 556 1511 1028 1799 1402
"g10503" 28 20 59 32 28 46 37 81 20 28
"g10504" 43 24 46 25 26 23 55 25 47 33
"g10505" 6 3 6 8 6 12 6 9 8 2
"g10506" 1885 1887 2279 1983 2316 1435 2689 3253 5225 2709
"g10507" 75 46 31 84 24 12 26 18 147 41
"g10508" 994 972 1590 1180 1128 1044 2207 306 1045 993
"g10509" 141 36 60 205 129 139 371 94 54 161
"g10510" 4 0 8 4 1 0 2 0 6 1
"g10511" 48 104 160 136 162 119 283 178 69 131
"g10512" 7 3 2 11 5 2 50 6 26 6
"g10513" 37 18 17 11 8 21 11 13 9 26
"g10514" 1509 625 1567 463 683 1493 685 875 3479 1145
"g10515" 16 47 93 20 0 57 34 26 36 11
"g10516" 31 46 23 25 5 30 1 25 35 68
"g10517" 1952 350 548 216 339 611 711 1095 914 157
"g10518" 2408 1209 1804 1813 1909 2168 3839 1697 2404 1843
"g10519" 20 15 14 5 5 8 12 1 9 5
"g10520" 4 3 2 4 2 10 3 1 4 18
"g10521" 954 485 347 448 207 611 687 443 1348 363
"g10522" 467 58 56 144 261 140 122 94 345 292
"g10523" 551 353 351 459 292 410 842 270 755 314
"g10524" 762 836 484 675 168 410 447 647 866 682
"g10525" 433 362 394 435 399 243 616 408 519 441
"g10526" 399 144 199 283 459 263 503 402 445 223
"g10527" 40 10 17 17 17 19 69 16 37 33
"g10528" 50 637 410 75 865 83 1252 214 47 161
"g10529" 11 0 6 0 2 7 2 10 0 0
"g10530" 3 3 16 1 1 6 4 0 4 1
"g10531" 3 2 1 5 4 6 1 3 1 19
"g10532" 127 226 485 353 187 435 275 400 578 132
"g10533" 30 81 32 29 26 64 37 16 78 42
"g10534" 147 168 100 271 392 103 285 176 119 227
"g10535" 6 12 13 11 6 13 18 11 12 15
"g10536" 101 78 70 118 85 119 105 105 140 107
"g10537" 857 546 372 593 641 791 1026 469 741 817
"g10538" 10 6 2 2 4 5 2 0 5 9
"g10539" 410 462 480 383 640 368 796 770 532 489
"g10540" 2053 1527 1549 1341 1434 1294 2001 1345 1731 1684
"g10541" 280 91 144 113 129 352 310 285 184 218
"g10542" 215 158 238 66 140 189 723 131 246 140
"g10543" 46 77 55 33 59 31 100 52 83 56
"g10544" 4485 2107 931 4863 1277 3785 2699 1454 4127 1402
"g10545" 2 16 12 2 6 47 5 12 8 17
"g10546" 885 673 809 794 716 691 1450 835 1146 951
"g10547" 158 105 148 201 138 98 170 137 146 216
"g10548" 789 229 328 609 249 190 705 624 628 281
"g10549" 6 59 8 6 212 117 168 13 33 265
"g10550" 0 1 1 1 0 0 15 1 0 0
"g10551" 27 143 213 40 51 96 286 43 200 130
"g10552" 1346 1160 882 1272 1363 993 1656 982 1556 996
"g10553" 1367 565 574 848 822 212 471 574 833 1296
"g10554" 161 342 167 177 253 390 390 279 254 275
"g10555" 65 26 14 26 46 101 57 17 33 29
"g10556" 144 55 169 74 164 79 229 163 176 77
"g10557" 963 484 737 498 1824 384 2272 621 750 512
"g10558" 141 109 211 54 142 76 126 85 122 75
"g10559" 6 5 12 7 8 36 2 11 10 7
"g10560" 93 64 146 105 55 38 87 75 173 56
"g10561" 52 12 18 10 22 10 31 41 44 69
"g10562" 0 0 0 0 14 2 1 0 0 1
"g10563" 208 324 167 108 786 150 37 294 550 462
"g10564" 13 4 1 1 3 0 8 0 0 20
"g10565" 47 15 29 10 23 9 26 13 15 24
"g10566" 401 227 429 285 452 221 463 216 357 337
"g10567" 2329 1076 446 1893 1500 794 2247 1069 1739 1257
"g10568" 276 193 344 276 118 124 227 179 176 399
"g10569" 2727 1653 1544 1759 2105 1381 3001 1769 2657 1015
"g10570" 1 1 0 1 6 8 1 6 2 4
"g10571" 132 110 49 50 30 92 391 69 118 116
"g10572" 20 9 14 18 32 21 33 12 26 37
"g10573" 2064 1434 1191 1372 1304 1494 2156 1795 1945 1898
"g10574" 144 171 151 228 87 202 200 194 157 270
"g10575" 16 35 21 15 30 24 51 75 15 51
"g10576" 85 12 8 29 42 71 60 12 12 87
"g10577" 446 411 195 487 343 357 619 360 477 391
"g10578" 2 1 5 6 1 6 5 0 5 2
"g10579" 3968 1230 1520 2558 5497 2050 2280 2270 2362 3181
"g10580" 398 260 248 213 237 286 489 316 391 341
"g10581" 10 0 0 0 7 2 0 2 5 0
"g10582" 505 839 611 996 598 615 999 610 987 866
"g10583" 4 2 2 6 2 4 2 3 1 1
"g10584" 111 94 93 51 77 36 72 41 158 63
"g10585" 66 118 200 298 265 424 819 390 553 535
"g10586" 1139 950 1177 2176 1709 497 1573 737 1331 1148
"g10587" 34 3 12 5 6 1 6 12 11 7
"g10588" 77 57 36 26 14 28 107 43 59 127
"g10589" 0 1 5 2 1 2 3 2 0 3
"g10590" 2305 628 1227 1028 708 1170 1743 1421 1738 1062
"g10591" 3 2 2 8 2 4 3 1 2 4
"g10592" 0 26 6 0 12 3 5 2 8 17
"g10593" 294 133 201 650 313 504 410 258 400 660
"g10594" 3064 2473 2196 1672 4310 2660 4563 2534 2842 1980
"g10595" 623 97 0 15 0 92 179 608 1 203
"g10596" 635 630 444 318 534 949 834 677 602 412
"g10597" 49 107 163 158 131 116 193 88 172 68
"g10598" 8 2 4 12 4 20 8 20 2 22
"g10599" 39 11 61 72 72 12 96 14 28 86
"g10600" 69 83 116 67 95 133 81 100 119 65
"g10601" 1 0 3 0 9 1 1 4 5 2
"g10602" 62 94 87 58 73 95 123 63 122 140
"g10603" 5514 3113 3678 3915 3165 3458 6199 3268 5558 4128
"g10604" 38 9 15 22 52 8 63 12 31 43
"g10605" 17 2 11 24 2 5 48 25 1 8
"g10606" 262 195 182 199 131 175 293 195 224 226
"g10607" 452 294 278 516 305 855 884 621 539 690
"g10608" 6 7 37 38 11 22 29 3 84 6
"g10609" 582 597 651 545 616 791 846 588 875 843
"g10610" 1324 533 343 558 564 207 638 387 735 438
"g10611" 322 163 99 136 168 134 331 296 244 353
"g10612" 212 144 267 126 269 214 367 210 275 299
"g10613" 5 1 5 10 8 7 19 9 11 10
"g10614" 948 578 1469 1202 715 1007 1356 608 638 1424
"g10615" 21 6 6 8 3 3 10 10 3 0
"g10616" 6 1 4 5 6 8 4 3 4 4
"g10617" 116 93 62 91 76 68 166 65 84 112
"g10618" 175 170 24 112 86 60 394 133 161 208
"g10619" 3000 1340 4255 2488 2307 4382 4347 3517 3489 2373
"g10620" 128 88 87 25 28 106 97 219 145 140
"g10621" 2 114 49 16 25 497 266 58 8 142
"g10622" 1611 1714 1794 2698 1098 3586 4969 1987 3001 1661
"g10623" 176 124 246 136 321 103 340 135 292 167
"g10624" 632 440 564 537 427 356 534 559 789 514
"g10625" 3 0 2 3 4 2 5 5 8 5
"g10626" 2844 1021 1224 1346 894 1600 1728 887 1807 1268
"g10627" 167 265 129 89 58 234 457 37 363 102
"g10628" 6726 4474 5450 4025 3680 3427 4749 3829 6039 3334
"g10629" 12 8 20 39 11 32 38 11 16 6
"g10630" 5 2 3 1 2 1 3 7 2 1
"g10631" 31 33 43 43 51 50 44 34 45 46
"g10632" 3283 1917 4386 5736 4006 2207 5200 3239 5571 6442
"g10633" 4332 3450 13948 3892 5668 9330 15606 3179 11004 8725
"g10634" 9798 7889 6594 6770 8075 5453 10957 7245 8126 7361
"g10635" 106 49 5 27 28 38 24 58 15 20
"g10636" 1010 320 478 615 330 393 1353 420 894 509
"g10637" 98 61 31 75 67 34 103 51 100 68
"g10638" 292 456 125 1054 406 376 278 340 638 576
"g10639" 622 376 532 588 869 293 621 437 801 743
"g10640" 641 319 459 228 268 552 899 504 665 612
"g10641" 5 8 14 12 37 14 7 9 30 8
"g10642" 0 5 0 0 1 2 0 2 5 4
"g10643" 2922 2131 1550 1870 1825 1400 2964 2257 3322 2492
"g10644" 5 2 0 2 1 0 5 1 3 3
"g10645" 9 22 22 19 8 6 43 6 10 24
"g10646" 7 21 22 0 9 7 8 40 56 6
"g10647" 186 474 590 718 327 1400 1077 244 970 771
"g10648" 16675 2850 9248 5423 1669 5006 15481 10178 15737 17810
"g10649" 1043 571 537 627 550 610 673 435 854 698
"g10650" 980 296 728 1046 552 440 925 413 565 563
"g10651" 517 473 374 379 577 355 836 359 678 582
"g10652" 1797 567 1329 728 632 1156 2450 1970 1142 246
"g10653" 2 6 9 5 30 3 15 3 9 22
"g10654" 6 1 7 2 5 4 4 1 3 0
"g10655" 206 250 195 299 97 162 207 312 273 395
"g10656" 150 69 123 61 53 18 192 52 113 101
"g10657" 721 557 611 871 915 648 885 489 839 536
"g10658" 8926 5187 6191 9990 5514 6846 6991 7056 11313 8215
"g10659" 79 59 53 53 49 63 45 70 56 69
"g10660" 1474 1139 1209 1296 1780 907 3543 1629 1580 1696
"g10661" 7034 4780 4290 2799 1792 4920 4588 3566 5564 1181
"g10662" 8 43 10 16 8 3 10 29 3 52
"g10663" 49879 14279 20907 22228 25360 22928 20725 31289 25458 41162
"g10664" 9 10 17 0 9 11 10 3 31 17
"g10665" 2 11 4 12 14 26 14 2 2 23
"g10666" 22 0 0 0 1 7 0 15 0 0
"g10667" 669 435 408 531 616 545 762 424 687 717
"g10668" 1930 646 1071 466 1327 928 2191 515 1326 1084
"g10669" 57 33 24 49 23 35 21 59 35 29
"g10670" 736 178 483 96 211 240 685 162 1188 392
"g10671" 22 49 31 50 50 11 174 51 35 133
"g10672" 296 339 162 261 221 258 448 303 493 529
"g10673" 47 59 45 20 18 31 60 31 35 15
"g10674" 2 9 4 8 14 7 6 2 5 7
"g10675" 3 9 0 67 4 36 82 37 3 1
"g10676" 3 2 1 0 0 0 0 2 3 4
"g10677" 3330 1375 2071 2521 2300 1956 2986 2927 3223 2808
"g10678" 181 130 187 222 123 230 302 167 435 244
"g10679" 56508 56513 36209 31825 27443 51311 57975 38512 69479 50403
"g10680" 345 230 305 51 125 80 330 295 214 305
"g10681" 1308 1128 2559 1325 1756 1156 2501 1722 2106 1347
"g10682" 853 106 353 239 205 84 87 33 342 70
"g10683" 0 1 16 2 0 4 7 9 0 1
"g10684" 311 389 271 324 318 582 885 397 397 303
"g10685" 61 45 26 141 71 47 60 63 57 39
"g10686" 6 9 10 17 14 4 17 12 17 10
"g10687" 55 23 39 45 56 26 48 25 23 12
"g10688" 514 479 249 492 658 496 576 453 604 351
"g10689" 224 212 205 184 132 147 362 131 164 145
"g10690" 7 3 5 1 2 3 5 2 8 5
"g10691" 31 7 7 6 14 13 4 4 9 15
"g10692" 29 50 91 0 1 12 4 10 25 7
"g10693" 299 384 312 212 489 191 328 76 502 246
"g10694" 12 14 7 5 15 15 23 24 17 18
"g10695" 44 16 23 35 75 24 35 35 30 69
"g10696" 2411 1836 1922 1405 2647 1769 4074 960 3469 2911
"g10697" 13 9 1 24 6 5 26 19 19 5
"g10698" 21 15 8 2 5 1 0 10 23 13
"g10699" 146 131 112 134 96 130 187 108 158 140
"g10700" 405 172 196 190 278 289 412 197 532 147
"g10701" 6 3 2 4 2 1 7 4 4 5
"g10702" 4 5 2 7 7 5 2 11 7 10
"g10703" 246 221 167 258 189 195 354 116 402 215
"g10704" 3 4 0 0 1 2 4 7 10 4
"g10705" 45 58 72 27 22 165 63 10 61 7
"g10706" 11 1 2 1 2 3 5 2 0 5
"g10707" 0 56 23 33 8 131 5 12 34 36
"g10708" 134 96 61 137 171 154 136 226 145 144
"g10709" 1187 962 688 597 984 611 903 766 1384 1377
"g10710" 3 4 4 0 0 11 3 1 5 0
"g10711" 3 1 3 0 2 2 5 5 0 0
"g10712" 0 0 2 4 4 0 1 3 6 0
"g10713" 2524 1246 1450 760 616 2717 1270 1674 3494 1417
"g10714" 6 0 4 5 5 3 2 3 3 0
"g10715" 93 101 65 123 98 125 127 115 73 83
"g10716" 1 1 3 1 2 4 3 3 5 3
"g10717" 13 7 7 8 8 2 6 8 10 9
"g10718" 1 0 11 0 1 2 6 0 3 0
"g10719" 2 0 0 0 0 3 0 0 14 1
"g10720" 4 0 0 9 26 3 29 0 6 2
"g10721" 22 12 106 1 0 2 0 0 0 5
"g10722" 320 132 227 680 37 402 167 637 343 36
"g10723" 2445 1999 1831 2208 1773 1746 2699 1376 2360 1852
"g10724" 6 1 2 5 2 2 6 1 3 5
"g10725" 5 4 4 3 2 2 3 5 4 3
"g10726" 7 9 15 4 39 28 54 27 23 19
"g10727" 107 127 53 73 87 60 50 76 156 61
"g10728" 181 73 153 114 47 138 144 93 196 198
"g10729" 300 276 137 342 255 188 563 463 343 445
"g10730" 333 831 1324 1375 1888 1189 2968 1320 3528 1430
"g10731" 119 479 174 138 176 109 68 101 155 66
"g10732" 182 85 126 142 82 111 155 126 171 131
"g10733" 3621 2997 3456 2750 4414 2452 3654 4046 3693 2823
"g10734" 551 359 382 436 217 195 340 274 340 694
"g10735" 651 336 395 534 512 363 204 58 448 948
"g10736" 443 362 337 342 359 413 659 326 259 379
"g10737" 290 191 224 184 267 153 180 143 252 223
"g10738" 9 13 6 5 9 15 8 5 9 5
"g10739" 662 172 59 187 324 149 294 398 930 98
"g10740" 1264 712 843 971 820 392 1019 1121 1381 562
"g10741" 562 443 242 435 534 515 500 434 510 271
"g10742" 1 2 0 0 0 13 11 34 27 0
"g10743" 5 1 2 0 4 25 7 1 1 1
"g10744" 19 15 66 95 58 10 14 18 48 4
"g10745" 174 120 117 143 173 142 65 26 162 127
"g10746" 2013 1272 874 1404 644 1061 1697 739 1543 1214
"g10747" 7 1 4 5 3 10 2 2 3 6
"g10748" 5342 8241 2769 8682 4984 7130 9198 6613 5669 7924
"g10749" 2355 1501 1309 1846 1497 1226 2633 1215 3386 2047
"g10750" 3 4 4 2 3 20 11 5 18 12
"g10751" 986 948 651 490 625 708 1131 536 870 380
"g10752" 1 17 2 0 22 25 41 16 56 32
"g10753" 1363 1108 1263 860 1332 1353 1352 860 1244 1290
"g10754" 26 14 14 9 6 7 9 3 19 6
"g10755" 573 203 749 585 570 372 517 244 553 438
"g10756" 4 0 2 0 0 0 6 1 0 16
"g10757" 431 207 172 314 250 219 211 220 230 426
"g10758" 20 19 15 1 4 2 55 6 18 18
"g10759" 0 2 1 1 1 1 5 7 2 1
"g10760" 379 123 60 15 794 1304 121 674 557 755
"g10761" 1066 268 432 464 442 336 574 130 450 388
"g10762" 545 150 190 156 247 157 329 199 300 251
"g10763" 52 41 46 37 39 43 69 42 66 55
"g10764" 23 12 16 11 14 31 28 19 36 20
"g10765" 101 66 87 95 60 78 172 81 153 104
"g10766" 211 104 196 295 84 198 322 175 173 189
"g10767" 27477 25990 22787 26823 31431 34829 61517 29712 44360 39068
"g10768" 15 21 13 21 9 2 24 22 13 5
"g10769" 116 59 48 80 98 68 33 115 308 42
"g10770" 605 1061 431 1353 663 2194 585 488 631 123
"g10771" 350 266 380 249 349 317 360 407 596 389
"g10772" 0 0 0 1 0 8 0 4 4 1
"g10773" 0 3 7 5 4 4 3 5 0 0
"g10774" 530 243 319 389 366 329 654 533 429 483
"g10775" 343 250 306 240 256 143 533 459 568 250
"g10776" 4 2 5 1 9 2 13 4 4 2
"g10777" 1092 909 1108 888 1321 1373 1445 1081 1056 1157
"g10778" 276 844 688 621 454 433 1636 722 1297 609
"g10779" 7 4 4 2 3 7 16 0 0 0
"g10780" 5192 16119 9627 5477 8750 12279 10257 7392 13161 10653
"g10781" 0 0 0 56 4 0 10 13 14 0
"g10782" 50 32 28 86 39 51 74 28 84 71
"g10783" 96 19 173 99 71 168 108 118 167 80
"g10784" 10 21 10 36 4 0 7 13 17 4
"g10785" 862 542 254 591 629 775 762 621 450 346
"g10786" 41015 52263 219136 98248 115052 53147 174831 59714 35660 73300
"g10787" 224 121 137 131 196 117 293 143 218 213
"g10788" 346 225 216 184 226 276 239 222 290 256
"g10789" 397 283 246 393 144 368 650 323 837 450
"g10790" 5 2 3 6 7 3 5 6 9 1
"g10791" 601 421 400 142 296 248 385 587 424 343
"g10792" 17 7 15 8 17 15 25 7 8 10
"g10793" 1380 966 1263 1135 2244 979 2591 1778 2589 1549
"g10794" 2855 1747 2361 1475 2758 647 2561 2373 2001 1006
"g10795" 114 28 28 60 105 37 109 31 249 119
"g10796" 1 3 7 3 32 5 40 9 4 3
"g10797" 40 149 105 31 122 125 127 66 420 47
"g10798" 197 254 72 208 190 301 444 100 352 221
"g10799" 583 342 316 437 362 325 699 478 780 414
"g10800" 32 10 12 5 8 16 82 14 36 29
"g10801" 22 7 4 24 10 19 9 18 19 18
"g10802" 52 12 10 16 13 8 25 11 35 23
"g10803" 368 199 256 275 264 198 482 274 238 120
"g10804" 12 39 27 23 17 10 31 24 23 10
"g10805" 26 15 61 12 19 26 10 22 40 24
"g10806" 226 168 215 107 210 200 91 196 325 178
"g10807" 123 18 41 84 220 131 74 25 13 21
"g10808" 27 48 27 53 34 19 54 28 12 37
"g10809" 1291 911 915 1184 787 585 1494 863 914 971
"g10810" 616 441 147 479 197 35 481 132 75 79
"g10811" 57 38 26 38 27 37 69 62 48 39
"g10812" 211 273 174 202 172 264 429 259 327 385
"g10813" 8 54 11 4 165 0 0 4 136 0
"g10814" 7 7 6 5 6 4 15 11 15 2
"g10815" 396 231 201 96 358 82 474 126 160 159
"g10816" 198 97 52 103 128 173 216 154 163 86
"g10817" 7693 5650 9867 7371 11479 3945 7564 6168 16294 10636
"g10818" 3 2 3 0 0 2 0 2 2 4
"g10819" 156 116 31 75 136 65 149 73 152 38
"g10820" 9 3 2 8 3 1 2 0 1 4
"g10821" 382 182 121 189 244 200 329 191 336 361
"g10822" 167 217 111 91 113 200 240 99 152 180
"g10823" 136 217 231 78 233 360 618 152 309 69
"g10824" 352 482 523 654 668 360 721 500 726 590
"g10825" 130 68 26 46 0 134 1 8 147 14
"g10826" 5 12 14 6 1 29 8 10 16 4
"g10827" 2951 1972 2249 2080 3266 2067 2879 1118 3968 2926
"g10828" 6 2 1 4 0 5 6 3 9 0
"g10829" 113 101 95 41 19 114 741 40 54 13
"g10830" 3 1 0 2 3 2 3 2 2 1
"g10831" 8 3 14 3 7 3 10 6 28 11
"g10832" 200 113 162 212 157 206 444 119 341 287
"g10833" 1 1 1 0 0 0 7 0 5 3
"g10834" 10 12 22 13 11 6 18 61 16 19
"g10835" 25 32 40 6 26 9 7 6 37 45
"g10836" 184 243 90 90 163 195 470 206 138 209
"g10837" 3108 6314 5072 4442 3875 4311 3495 2371 2903 4447
"g10838" 20 62 31 36 6 18 24 36 50 19
"g10839" 142 43 119 90 174 56 212 20 93 113
"g10840" 124 181 233 57 140 177 25 56 2 20
"g10841" 187 136 257 183 295 287 786 135 389 222
"g10842" 19 8 41 27 26 12 66 15 55 14
"g10843" 64 63 57 95 128 112 84 36 225 46
"g10844" 4 2 1 4 1 1 3 1 2 2
"g10845" 531 448 259 825 180 923 1493 666 615 648
"g10846" 36 1 26 11 9 9 10 14 41 2
"g10847" 1 1 3 2 0 4 1 0 3 5
"g10848" 10 10 3 8 3 5 10 1 7 3
"g10849" 83 55 75 42 105 78 205 57 138 172
"g10850" 12 20 10 13 7 21 28 16 15 15
"g10851" 4629 2447 3850 5067 2968 3757 4738 4213 4433 2363
"g10852" 1291 1500 1663 1769 2232 1557 1900 1261 1832 1186
"g10853" 114 20 143 102 157 76 162 55 191 57
"g10854" 65 34 46 14 36 59 93 53 131 72
"g10855" 4 1 2 9 5 1 4 3 6 4
"g10856" 765 367 594 498 231 288 707 152 632 641
"g10857" 1986 1948 1399 1682 1301 1326 2544 1892 1698 1478
"g10858" 2960 2359 2335 2760 2892 1833 3918 2549 2871 2916
"g10859" 0 29 9 2 0 8 9 1 25 4
"g10860" 0 3 0 1 7 22 0 0 20 8
"g10861" 107 250 525 345 209 330 468 174 439 352
"g10862" 2 5 2 4 1 3 8 10 2 3
"g10863" 26 12 20 16 25 22 26 11 24 15
"g10864" 265 248 286 277 250 262 407 264 352 148
"g10865" 275 369 40 200 319 62 128 317 89 425
"g10866" 10338 10568 7102 3442 4095 12406 6325 7802 5927 8696
"g10867" 2367 2302 1667 2412 1785 1964 3451 1883 2604 2075
"g10868" 103 123 157 107 119 66 134 98 207 70
"g10869" 504 163 358 296 309 285 540 276 434 380
"g10870" 53 31 47 53 24 45 66 43 46 83
"g10871" 8 8 3 6 7 2 6 0 6 7
"g10872" 6 0 0 2 0 1 1 13 1 2
"g10873" 231 39 66 97 78 82 65 84 216 197
"g10874" 434 162 169 478 391 287 372 182 305 608
"g10875" 85 51 65 17 49 124 99 69 86 53
"g10876" 17 43 40 9 60 53 183 3 2 14
"g10877" 1778 548 780 822 357 1148 866 756 176 149
"g10878" 2313 374 1901 2259 3391 1715 5550 2125 1400 4772
"g10879" 4 16 10 25 2 10 31 0 38 91
"g10880" 236 194 159 143 189 268 124 60 338 220
"g10881" 1356 1000 774 1056 800 1663 1118 633 1458 1203
"g10882" 331 385 631 637 360 363 584 414 950 597
"g10883" 108 58 66 72 70 77 155 72 99 97
"g10884" 1931 1430 119 63 1312 648 2449 106 774 2923
"g10885" 508 488 311 485 568 460 713 482 725 522
"g10886" 54 101 79 269 587 144 487 16 569 184
"g10887" 0 19 0 527 179 90 102 14 184 55
"g10888" 10303 5444 9099 21137 16542 6307 4076 6596 12970 3357
"g10889" 645 451 715 958 812 438 1789 634 737 672
"g10890" 1445 751 696 719 1156 291 774 1322 1170 264
"g10891" 231 153 271 199 66 86 253 4 94 21
"g10892" 199 141 78 126 25 42 120 73 336 172
"g10893" 7 8 7 0 6 18 13 9 7 2
"g10894" 181 63 82 103 121 87 118 115 153 72
"g10895" 4758 7209 5677 4728 3726 6352 5779 4552 5791 6336
"g10896" 1168 994 1263 1512 1571 1169 1575 867 1139 1602
"g10897" 299 324 193 274 433 149 285 171 298 259
"g10898" 1 16 9 10 19 13 10 14 6 13
"g10899" 38 23 35 33 55 21 35 21 26 60
"g10900" 301 255 236 239 211 252 385 174 361 304
"g10901" 234 338 314 404 482 366 389 382 482 269
"g10902" 2508 1634 1672 2081 1529 2177 2947 1814 1805 2291
"g10903" 34 20 15 28 20 33 28 25 43 26
"g10904" 163 76 260 168 175 90 150 107 191 134
"g10905" 1 0 12 0 6 6 3 13 15 6
"g10906" 27 45 37 53 53 25 28 36 43 12
"g10907" 648 296 409 248 166 631 589 234 331 490
"g10908" 2 4 4 1 1 0 6 2 2 3
"g10909" 34 2 15 21 7 24 2 37 13 7
"g10910" 1124 430 714 655 746 535 975 655 1140 574
"g10911" 96 117 69 45 39 100 195 121 51 84
"g10912" 0 1 1 1 0 3 2 2 0 2
"g10913" 166 136 200 131 140 68 130 223 195 160
"g10914" 7 3 11 4 3 14 9 6 11 11
"g10915" 259 209 203 154 123 160 247 111 453 107
"g10916" 152 91 36 27 46 52 18 69 84 98
"g10917" 2202 1271 1452 1071 1338 1495 1958 1359 1436 902
"g10918" 363 280 480 310 548 369 483 600 401 497
"g10919" 23564 12504 9364 21476 17173 10974 19140 17082 28540 12783
"g10920" 35 2 0 2 4 0 0 20 4 0
"g10921" 22 19 9 70 50 38 1 16 24 23
"g10922" 1189 659 1408 499 882 742 1070 603 1305 1032
"g10923" 258 296 235 119 298 135 368 251 191 350
"g10924" 861 650 899 523 992 515 751 767 1316 1079
"g10925" 23 0 16 0 2 1 2 2 90 0
"g10926" 0 2 0 7 13 9 0 3 11 0
"g10927" 3 3 4 1 2 2 2 2 4 4
"g10928" 322 238 160 281 276 386 409 178 415 284
"g10929" 1650 980 2464 1457 1398 704 1940 812 1371 1569
"g10930" 1036 958 1493 1702 759 1455 2153 1010 2515 756
"g10931" 1131 776 473 527 1637 1041 1429 1457 1314 773
"g10932" 3859 2930 2903 3302 4845 3699 5842 4948 3056 3406
"g10933" 818 611 513 675 444 319 1314 268 1071 250
"g10934" 474 578 204 325 771 1025 231 383 586 311
"g10935" 274 288 269 588 147 182 239 193 489 627
"g10936" 1225 695 844 687 884 766 1473 873 1412 704
"g10937" 321 244 130 272 149 30 183 115 49 39
"g10938" 2 0 0 1 0 0 2 2 3 3
"g10939" 129 194 230 172 157 151 80 214 300 112
"g10940" 159 127 128 58 117 181 108 69 194 88
"g10941" 115 98 64 127 64 50 95 29 82 114
"g10942" 54 90 63 29 31 39 45 22 43 22
"g10943" 2 3 4 0 0 0 0 0 3 0
"g10944" 461 389 492 301 356 437 533 491 844 607
"g10945" 256 302 113 252 180 269 339 221 300 155
"g10946" 229 144 234 299 129 239 323 138 247 228
"g10947" 198 224 59 154 319 193 385 41 460 326
"g10948" 5 8 6 2 2 1 3 2 5 2
"g10949" 833 459 446 614 448 450 828 325 821 381
"g10950" 4 6 3 1 12 9 4 6 1 5
"g10951" 1536 916 1116 1264 1031 1764 1767 1054 1627 1583
"g10952" 775 439 736 440 788 518 1260 502 828 351
"g10953" 16 12 10 21 25 16 33 23 27 17
"g10954" 513 270 160 288 318 458 1163 215 810 152
"g10955" 2862 2429 2251 2102 4340 2538 4050 1827 5295 3285
"g10956" 25 8 7 20 6 18 7 11 11 54
"g10957" 466 316 751 413 908 1348 2701 448 601 253
"g10958" 5 0 1 4 4 4 1 7 4 6
"g10959" 1352 1116 1213 285 782 412 1007 857 1623 239
"g10960" 366 205 355 239 316 187 598 283 253 291
"g10961" 37 2 7 0 1 0 1 1 1 0
"g10962" 1976 1381 1688 1422 1160 1523 2386 1450 1613 1885
"g10963" 3214 2452 1740 2643 2539 2927 5623 2002 3490 1607
"g10964" 153 71 92 79 80 128 184 82 225 101
"g10965" 167 302 338 412 190 328 389 239 318 431
"g10966" 36 31 16 104 18 45 108 42 134 66
"g10967" 731 345 477 267 368 405 597 404 504 700
"g10968" 3 7 8 6 3 3 7 6 7 9
"g10969" 47 48 71 89 51 95 19 65 88 63
"g10970" 1516 1003 559 1238 2338 1031 1073 1155 1083 2094
"g10971" 138 54 58 101 134 95 129 126 187 106
"g10972" 695 442 317 324 463 298 473 270 822 471
"g10973" 212 108 89 157 105 257 411 57 174 177
"g10974" 103 146 98 124 90 99 182 83 146 66
"g10975" 94 205 77 155 6 3 693 239 1 49
"g10976" 8 18 12 12 11 5 3 19 15 2
"g10977" 794 514 313 197 364 1270 1671 655 1270 301
"g10978" 50 184 54 118 438 459 374 33 6 2
"g10979" 443 292 184 435 280 193 353 418 364 317
"g10980" 144 54 20 56 15 18 29 90 5 12
"g10981" 46 54 74 34 31 59 147 54 101 65
"g10982" 129 91 139 120 161 100 164 115 236 158
"g10983" 489 303 363 412 560 322 599 247 141 460
"g10984" 34 2 2 5 8 23 11 4 48 28
"g10985" 19 20 7 9 19 33 31 5 6 4
"g10986" 1 2 5 2 1 8 2 0 4 5
"g10987" 207 28 154 70 99 101 61 4 169 340
"g10988" 4687 5372 4100 4390 4078 3776 4925 4446 4793 3006
"g10989" 20 9 18 29 14 10 7 39 17 3
"g10990" 397 357 401 313 270 474 457 416 543 474
"g10991" 0 0 0 8 2 4 0 0 0 0
"g10992" 14 4 7 9 14 14 23 11 10 18
"g10993" 3 0 0 2 0 1 3 1 4 2
"g10994" 936 888 644 636 1126 644 1026 699 721 932
"g10995" 104 46 79 49 54 81 155 38 89 57
"g10996" 251 167 162 167 83 249 307 182 426 166
"g10997" 3 30 16 9 3 7 30 3 0 76
"g10998" 6 4 0 0 1 1 3 2 6 6
"g10999" 402 217 268 651 240 389 707 421 777 439
"g11000" 2539 1651 3036 2157 1705 2323 3134 2695 2012 2718
"g11001" 2 1 5 3 0 3 5 4 2 4
"g11002" 954 838 507 532 637 716 382 240 761 693
"g11003" 12450 18174 11093 10086 11546 9401 9898 9826 10396 22698
"g11004" 2320 1453 1674 1706 2584 2443 1990 2178 1546 2962
"g11005" 13 2 5 20 20 3 5 2 42 7
"g11006" 10 5 6 12 6 8 15 12 6 12
"g11007" 6 7 16 23 26 15 45 4 4 30
"g11008" 2010 1046 1292 1119 2270 1425 2844 1360 1918 1994
"g11009" 204 112 135 105 176 100 312 42 187 63
"g11010" 9 20 18 11 9 8 22 12 22 15
"g11011" 9 19 11 5 9 14 12 23 27 9
"g11012" 103 50 66 83 83 78 89 52 68 85
"g11013" 373 380 303 229 363 300 508 325 318 392
"g11014" 1082 1852 425 1114 1285 979 1396 1834 2126 1396
"g11015" 969 671 730 770 397 476 948 669 984 873
"g11016" 42 28 32 51 82 110 244 77 81 144
"g11017" 33 1 13 20 0 0 0 18 0 66
"g11018" 2606 1502 3053 2282 1753 1913 4191 3168 2352 3513
"g11019" 249 154 126 152 49 566 389 29 148 86
"g11020" 2 2 1 1 2 1 13 9 1 11
"g11021" 565 52 6 46 21 0 87 5 0 10
"g11022" 217 135 171 216 201 210 345 305 339 226
"g11023" 28 13 8 12 16 13 72 48 22 20
"g11024" 1130 791 804 254 702 1370 1535 571 1067 2307
"g11025" 182 185 174 225 204 82 159 136 220 211
"g11026" 108 139 143 705 166 256 457 409 241 139
"g11027" 99 43 85 54 29 77 79 35 43 47
"g11028" 2 3 0 1 1 1 4 3 1 0
"g11029" 349 617 361 602 747 500 793 968 774 1191
"g11030" 2393 1947 1477 1528 2032 1310 1295 1316 1676 1690
"g11031" 0 5 1 1 3 2 5 4 18 3
"g11032" 759 2018 1634 1487 1198 746 1336 1219 1105 1874
"g11033" 57 50 33 44 41 29 25 20 31 39
"g11034" 1770 812 4340 1251 1115 1683 1098 596 308 1345
"g11035" 6 1 1 1 29 4 3 8 11 1
"g11036" 5915 7764 6102 7878 5358 3293 9908 2907 13679 5500
"g11037" 123 15 16 27 71 11 16 22 50 49
"g11038" 6 3 1 1 4 3 5 2 10 2
"g11039" 1788 959 1355 1323 1150 1169 1693 1193 1564 1338
"g11040" 1 2 2 0 8 7 11 3 9 11
"g11041" 109 65 15 37 137 139 121 157 225 136
"g11042" 5220 4518 3369 4921 3358 3885 4137 3899 5617 4921
"g11043" 18 11 15 16 14 15 38 14 23 7
"g11044" 22 32 4 6 30 58 61 4 15 38
"g11045" 16 40 262 2 417 110 301 591 103 0
"g11046" 146 32 48 91 43 35 113 73 137 88
"g11047" 574 673 727 1119 528 784 1031 820 1081 756
"g11048" 332 30 241 280 228 48 234 89 216 248
"g11049" 2621 4524 4243 4255 3965 4322 5147 4858 7285 6637
"g11050" 0 2 1 0 4 0 0 13 0 8
"g11051" 344 191 279 296 315 334 361 174 422 288
"g11052" 35 18 18 1 21 54 17 26 17 21
"g11053" 592 254 398 843 249 495 702 236 321 706
"g11054" 3 0 38 67 19 22 36 39 15 6
"g11055" 236 180 188 276 212 251 294 228 278 253
"g11056" 0 0 1 5 3 1 1 0 1 5
"g11057" 24 46 48 36 59 34 63 18 49 29
"g11058" 564 117 439 175 443 259 180 347 369 247
"g11059" 1380 946 1012 1274 1191 989 1170 905 1660 1455
"g11060" 14 5 7 7 5 4 6 14 6 5
"g11061" 51 3 7 7 8 1 4 44 9 13
"g11062" 804 753 1467 1251 1168 733 957 710 1592 594
"g11063" 49 45 18 45 35 52 101 24 38 36
"g11064" 280 160 173 225 226 398 623 452 246 387
"g11065" 6 0 0 0 14 0 2 0 0 0
"g11066" 996 457 1018 393 187 635 567 809 977 2311
"g11067" 42 30 44 28 12 12 33 28 68 11
"g11068" 430 291 418 317 427 317 623 303 631 476
"g11069" 33 25 26 11 25 32 45 34 29 36
"g11070" 350 260 245 413 441 245 521 318 503 418
"g11071" 2163 1062 1261 950 1421 1796 2266 1754 2224 1502
"g11072" 5 1 15 0 10 4 11 6 0 12
"g11073" 1203 1161 1030 1014 1105 1143 1472 1484 1458 1176
"g11074" 11 11 6 27 50 15 23 13 50 15
"g11075" 2578 5990 2708 3233 3015 4952 4196 4022 3226 6391
"g11076" 12 3 1 0 2 4 3 4 3 3
"g11077" 15 48 32 6 50 14 25 11 22 102
"g11078" 80 48 7 46 32 20 173 83 29 59
"g11079" 0 9 6 0 1 0 0 0 0 0
"g11080" 23 21 9 12 41 7 29 14 22 16
"g11081" 267 264 495 437 613 322 423 354 519 251
"g11082" 72 60 203 308 43 463 151 100 161 143
"g11083" 22 16 11 7 2 7 4 0 3 7
"g11084" 100 91 58 46 45 54 62 39 200 93
"g11085" 4 3 11 3 6 16 15 4 3 7
"g11086" 28 37 61 77 43 53 207 49 50 104
"g11087" 92 24 54 40 36 10 27 17 85 21
"g11088" 1322 1098 877 843 1198 1015 3125 994 950 1752
"g11089" 3400 1421 1273 2041 2132 2413 2227 1163 2491 3042
"g11090" 50 16 17 15 18 18 12 11 6 28
"g11091" 17 32 10 24 16 14 50 19 26 16
"g11092" 1 4 19 4 34 13 36 20 3 22
"g11093" 30 15 4 22 89 44 12 63 46 24
"g11094" 67 15 270 30 157 57 175 42 265 278
"g11095" 1330 1471 2745 1437 2007 1233 2828 935 3362 1984
"g11096" 61 147 48 284 386 376 129 252 389 298
"g11097" 15 9 25 25 50 32 42 46 41 16
"g11098" 18 6 16 24 17 20 39 4 7 17
"g11099" 30 121 105 375 127 244 168 161 300 130
"g11100" 4551 2454 1438 2412 2809 1564 3775 1774 3300 1381
"g11101" 880 400 368 537 520 761 1269 442 1018 610
"g11102" 658 736 107 375 475 1358 1019 856 2578 581
"g11103" 55 26 38 29 49 40 85 22 38 39
"g11104" 111 25 57 44 67 96 94 95 28 49
"g11105" 3002 1964 1673 1866 2342 2083 3873 1572 3538 2740
"g11106" 5 3 2 0 3 0 0 0 0 0
"g11107" 409 244 185 284 319 279 331 251 299 254
"g11108" 261 204 108 126 259 151 223 370 321 396
"g11109" 1384 604 533 539 871 377 1005 727 611 443
"g11110" 290 59 103 178 244 99 377 256 187 238
"g11111" 2436 1497 1481 1039 1462 1819 3382 1050 1953 1499
"g11112" 298 324 372 323 282 304 644 329 533 351
"g11113" 2 8 18 11 4 33 190 10 249 21
"g11114" 44 34 48 44 0 2 65 17 170 56
"g11115" 13 58 12 3 23 18 35 9 21 0
"g11116" 570 618 299 350 494 371 310 364 715 135
"g11117" 217 193 487 346 427 214 843 268 211 374
"g11118" 8285 5157 5823 5843 6352 7294 7842 6864 6135 3271
"g11119" 1136 1007 769 672 750 936 1161 709 1153 975
"g11120" 354 242 319 122 258 259 543 628 253 158
"g11121" 53 245 95 51 52 100 49 143 75 278
"g11122" 500 413 546 424 304 295 452 614 621 387
"g11123" 1949 1274 1013 1370 1373 1210 2277 1397 2070 2037
"g11124" 27 10 5 1 9 7 10 36 5 8
"g11125" 2152 1783 1642 2562 2728 2490 1993 2034 2060 1114
"g11126" 86 97 51 100 86 81 215 88 180 148
"g11127" 16 12 13 11 11 7 18 11 32 8
"g11128" 7 1 0 3 5 2 6 3 3 0
"g11129" 5125 4719 4837 6352 7709 9172 15835 6300 9214 4911
"g11130" 2553 3149 3342 2645 2721 2366 4424 3113 4065 2469
"g11131" 9 36 23 24 8 7 23 7 16 19
"g11132" 49 196 188 280 72 112 161 233 75 224
"g11133" 417 237 241 177 400 266 453 299 138 281
"g11134" 244 230 194 153 172 169 270 233 262 269
"g11135" 1 4 2 3 0 4 3 5 1 6
"g11136" 3 2 1 1 2 0 6 5 4 2
"g11137" 411 31 16 250 118 239 130 234 5 83
"g11138" 9 7 15 18 10 13 54 46 46 7
"g11139" 4 8 8 10 13 7 6 6 15 6
"g11140" 15 4 6 5 11 13 13 21 4 11
"g11141" 2417 1408 3221 1944 2898 2271 4033 1876 2869 3016
"g11142" 453 616 597 610 820 646 730 797 1375 687
"g11143" 2 4 5 5 3 3 5 7 9 8
"g11144" 18 3 9 4 10 8 0 0 3 10
"g11145" 51 45 21 19 25 24 31 29 68 43
"g11146" 4 0 3 3 3 2 8 2 3 2
"g11147" 1 0 3 1 1 3 14 1 6 0
"g11148" 4996 3920 3490 4318 3739 3803 5679 4285 4242 4773
"g11149" 2 0 3 2 0 0 1 4 7 1
"g11150" 0 1 3 2 11 0 29 0 0 1
"g11151" 7 1 0 0 0 12 1 11 0 0
"g11152" 241 0 47 3 12 27 25 6 15 9
"g11153" 8 7 5 5 5 5 13 4 8 6
"g11154" 62 25 19 10 13 6 33 16 20 9
"g11155" 396 332 402 461 440 329 314 410 384 364
"g11156" 18 3 5 4 0 5 2 3 0 2
"g11157" 306 1481 197 312 592 302 409 119 502 762
"g11158" 54 55 146 159 129 118 184 97 113 146
"g11159" 56 50 58 67 108 77 129 103 194 108
"g11160" 1384 781 809 753 633 1063 1671 902 1288 703
"g11161" 92 52 66 32 35 27 90 39 69 57
"g11162" 415 221 296 273 139 193 482 310 286 490
"g11163" 43 16 56 29 66 65 99 61 83 75
"g11164" 1868 1898 1286 1602 1858 1428 1946 1249 1855 1787
"g11165" 52 62 51 80 57 51 75 54 80 93
"g11166" 40 24 21 20 13 32 40 10 28 23
"g11167" 1846 2420 2405 1574 1917 2375 4594 1300 3490 3535
"g11168" 25 41 19 36 102 99 16 131 63 61
"g11169" 1789 919 849 1785 1465 1416 2761 631 1488 1098
"g11170" 1094 863 294 898 662 1067 1727 535 1133 1699
"g11171" 10107 6762 3286 6421 5740 4000 4532 6294 8223 5456
"g11172" 1014 714 832 750 1359 608 791 778 1833 1341
"g11173" 92 93 71 198 100 98 235 148 69 80
"g11174" 175 174 115 79 251 302 567 130 116 429
"g11175" 131 121 102 71 117 147 187 164 134 146
"g11176" 116 39 43 51 52 83 53 25 104 42
"g11177" 3 6 2 2 2 4 5 4 1 2
"g11178" 0 0 0 0 0 1 0 0 1 0
"g11179" 0 2 0 0 2 6 4 0 4 0
"g11180" 1136 533 976 769 799 166 848 224 618 613
"g11181" 371 289 244 208 331 326 262 128 440 284
"g11182" 6026 2107 3846 4424 2901 3004 6424 4472 4020 3891
"g11183" 5 4 1 0 1 1 6 1 1 1
"g11184" 9 4 1 3 0 4 2 4 2 4
"g11185" 477 340 328 379 397 381 633 644 759 442
"g11186" 2225 1731 688 1018 2514 843 1626 930 1670 700
"g11187" 914 564 826 784 1321 938 1647 470 970 852
"g11188" 447 324 392 238 445 281 417 377 449 327
"g11189" 234 151 126 206 216 141 184 153 150 182
"g11190" 32 5 10 2 10 7 11 6 3 3
"g11191" 22 9 9 28 18 7 18 24 22 15
"g11192" 433 554 537 287 419 687 772 482 1108 263
"g11193" 25 30 19 24 25 28 33 24 24 34
"g11194" 141 134 113 116 152 138 127 143 147 97
"g11195" 2241 1112 1493 1013 1118 890 2842 886 2283 1804
"g11196" 2060 1457 1271 1161 1165 1210 2509 1373 1752 1149
"g11197" 121 82 60 88 88 85 57 62 101 55
"g11198" 5331 3952 474 612 9387 3713 7165 4390 7661 4916
"g11199" 4942 3678 4670 4462 4295 4260 3392 4422 4969 3752
"g11200" 150 58 28 60 40 72 8 48 76 51
"g11201" 144 97 27 95 124 72 119 89 205 95
"g11202" 1569 700 592 1403 1179 1383 1009 986 905 1528
"g11203" 1836 1857 528 1433 402 191 3882 4 2700 1770
"g11204" 272 217 352 270 699 713 433 739 955 452
"g11205" 54 53 19 39 68 63 89 22 94 73
"g11206" 2119 2310 1372 1682 1148 1279 2305 1678 3506 1300
"g11207" 6 14 6 14 15 16 10 5 23 17
"g11208" 38 39 20 37 27 35 45 22 49 20
"g11209" 57 30 28 54 38 26 22 54 45 62
"g11210" 3 0 14 67 0 6 13 3 5 0
"g11211" 874 693 1026 1010 986 1146 1410 823 935 444
"g11212" 15 16 13 12 9 31 26 29 20 26
"g11213" 187 203 220 166 128 203 347 249 254 152
"g11214" 205 74 266 142 179 209 102 86 293 140
"g11215" 344 239 160 132 177 147 236 112 435 220
"g11216" 38 12 14 1 41 16 24 3 58 22
"g11217" 0 0 5 0 2 1 0 0 3 2
"g11218" 1574 994 320 191 1058 1325 1795 577 437 326
"g11219" 344 174 54 140 285 181 753 303 262 235
"g11220" 52 67 29 34 66 23 34 18 30 18
"g11221" 80 30 42 5 21 44 26 74 19 68
"g11222" 440 333 363 412 280 459 435 260 646 847
"g11223" 940 529 633 687 505 519 1017 756 861 603
"g11224" 505 276 199 158 436 507 627 447 485 179
"g11225" 922 302 950 176 390 598 371 783 593 270
"g11226" 49 45 62 69 68 53 77 56 30 102
"g11227" 6 5 12 8 5 7 12 5 5 15
"g11228" 60 41 40 27 48 36 65 29 38 21
"g11229" 498 566 451 609 340 839 569 503 985 386
"g11230" 74 64 22 27 29 29 5 6 8 25
"g11231" 9 2 4 2 3 3 4 6 1 6
"g11232" 221 77 94 137 147 51 233 112 106 147
"g11233" 1015 617 494 1020 652 571 909 476 641 750
"g11234" 3001 2438 2896 2564 2333 2136 3430 2034 5109 2240
"g11235" 43 36 46 37 60 25 70 36 36 41
"g11236" 143 61 62 16 101 136 114 74 134 100
"g11237" 69 49 96 70 109 65 120 99 114 148
"g11238" 674 62 124 3 36 19 62 15 45 162
"g11239" 1 5 49 13 48 31 48 18 16 18
"g11240" 61 50 74 76 90 43 92 40 64 25
"g11241" 912 697 956 797 1194 863 633 638 1345 725
"g11242" 34 13 14 10 14 30 44 26 21 20
"g11243" 2977 2161 1625 2377 2458 2075 3462 1991 3378 3169
"g11244" 0 1 0 0 0 0 0 1 1 1
"g11245" 17 16 17 19 68 6 10 3 12 19
"g11246" 3 7 1 0 1 5 5 0 6 3
"g11247" 4 4 2 1 1 2 1 8 8 1
"g11248" 558 468 256 424 584 457 520 629 568 423
"g11249" 613 706 549 466 164 293 307 444 178 94
"g11250" 378 271 377 321 223 213 550 216 408 272
"g11251" 2886 2013 1299 1707 1543 1352 3584 1721 2546 1179
"g11252" 50 40 29 36 42 17 52 27 51 41
"g11253" 104 468 114 103 141 38 286 174 126 94
"g11254" 9 14 12 17 21 6 27 9 12 1
"g11255" 393 12 158 91 192 154 134 378 365 280
"g11256" 4230 2316 3599 2979 2413 3641 4894 3210 4238 3284
"g11257" 12 4 14 7 12 18 7 3 11 22
"g11258" 25 10 22 22 20 18 45 13 20 40
"g11259" 70 95 92 114 77 80 158 56 95 96
"g11260" 49 39 54 17 42 30 48 33 77 33
"g11261" 652 364 100 200 252 261 392 136 244 280
"g11262" 4575 2531 2717 2839 3300 3040 4906 2421 5507 4373
"g11263" 1 0 1 0 4 0 3 3 6 0
"g11264" 0 6 0 3 11 0 2 14 30 4
"g11265" 0 2 0 0 0 2 1 2 0 1
"g11266" 1 0 0 1 0 1 16 0 0 2
"g11267" 460 617 1435 1071 659 857 1610 946 1163 1980
"g11268" 1462 1286 1977 1321 1997 1536 2721 1997 2266 2188
"g11269" 4 0 1 0 2 2 0 2 0 0
"g11270" 560 444 241 282 587 661 581 752 415 477
"g11271" 774 344 558 896 638 753 1060 659 1000 803
"g11272" 58 27 58 28 50 123 113 77 75 40
"g11273" 1814 1103 1495 784 1510 1248 2512 732 3193 1462
"g11274" 1026 631 757 746 1185 793 1245 660 932 993
"g11275" 210 178 410 485 377 212 757 224 628 366
"g11276" 997 587 584 442 1426 854 657 639 680 1415
"g11277" 268 252 87 36 139 205 598 281 180 296
"g11278" 52 50 98 56 127 77 229 75 114 114
"g11279" 2057 1074 1597 1876 2618 1060 998 2046 1887 1664
"g11280" 13 45 42 42 31 23 44 30 19 8
"g11281" 68 37 35 86 69 45 178 53 98 90
"g11282" 29 22 5 14 5 7 13 19 11 2
"g11283" 0 3 0 1 14 5 4 0 0 24
"g11284" 890 1962 2239 1057 469 3486 1488 985 1791 3123
"g11285" 121 48 40 31 233 92 292 58 156 56
"g11286" 1 3 1 4 1 7 1 4 5 5
"g11287" 5 0 0 1 3 5 0 0 4 1
"g11288" 104 118 142 26 39 94 70 138 165 62
"g11289" 8 0 2 3 5 4 3 3 5 1
"g11290" 55 59 50 38 40 91 83 64 93 59
"g11291" 125 60 136 13 55 133 95 0 83 153
"g11292" 212 105 72 132 270 291 201 160 141 214
"g11293" 6 10 1 5 7 9 1 4 9 10
"g11294" 0 5 4 0 5 12 21 5 0 0
"g11295" 0 9 2 0 1 10 8 8 4 1
"g11296" 411 366 544 388 321 387 433 279 508 408
"g11297" 14 39 36 42 19 35 39 17 39 42
"g11298" 9 3 13 4 20 11 31 17 33 10
"g11299" 7 1 2 5 6 3 7 3 15 2
"g11300" 143 109 1428 1695 380 858 2372 367 605 244
"g11301" 310 322 333 422 1126 466 617 346 722 1101
"g11302" 1 1 0 1 2 0 3 0 2 5
"g11303" 19 85 28 105 61 43 110 16 101 34
"g11304" 22 56 47 113 30 99 99 99 50 57
"g11305" 34 29 38 26 34 39 43 19 33 42
"g11306" 22 3 9 13 13 10 27 9 0 19
"g11307" 131528 140848 101283 94339 24663 66901 59736 211988 105399 80653
"g11308" 8687 3158 4452 10965 9328 10504 8734 14219 8471 9661
"g11309" 611 315 574 686 696 500 1040 598 1158 769
"g11310" 175 140 191 154 105 137 244 105 234 229
"g11311" 167 156 134 157 179 187 265 95 248 70
"g11312" 0 5 0 4 0 1 10 0 2 5
"g11313" 177 157 90 131 160 137 190 121 189 187
"g11314" 361 329 335 216 264 261 488 192 516 467
"g11315" 56 38 96 277 111 45 129 68 31 59
"g11316" 2860 1899 2919 3130 3743 2529 3041 1944 4075 2987
"g11317" 232 124 209 148 185 214 270 173 159 147
"g11318" 21 0 4 1 1 4 3 5 9 4
"g11319" 500 635 415 831 174 497 586 675 618 387
"g11320" 1 0 8 5 5 5 2 5 12 1
"g11321" 138 164 130 207 110 79 503 122 243 489
"g11322" 242 102 83 238 111 265 163 114 174 114
"g11323" 815 559 1224 1321 1317 2732 2187 1392 1493 2317
"g11324" 1 0 2 6 0 0 0 6 7 0
"g11325" 49 23 28 21 34 17 30 39 45 26
"g11326" 24 23 70 25 25 16 103 7 70 64
"g11327" 17 8 15 5 4 10 32 36 18 9
"g11328" 69 50 35 47 70 71 67 46 97 37
"g11329" 102 0 70 3 0 39 386 47 0 7
"g11330" 301 190 142 232 162 123 233 185 344 313
"g11331" 22 4 15 10 28 10 16 8 13 18
"g11332" 3227 756 718 1481 559 197 3005 1653 1685 303
"g11333" 12 14 12 0 0 0 2 0 0 0
"g11334" 454 0 0 0 0 0 1131 80 14 227
"g11335" 9 7 2 6 8 8 11 11 15 8
"g11336" 32 15 20 43 27 26 31 11 35 20
"g11337" 65 47 38 42 63 51 64 37 52 37
"g11338" 48 21 47 2 51 1 19 49 216 14
"g11339" 0 0 0 0 3 0 0 0 0 0
"g11340" 3404 2121 3203 2681 2132 4074 3799 1670 2902 3605
"g11341" 65 86 215 103 228 162 199 392 681 228
"g11342" 5 1 3 7 1 0 7 1 2 1
"g11343" 39 35 16 25 18 30 28 5 20 52
"g11344" 3340 3893 3129 2863 3980 2942 4232 3332 3947 3740
"g11345" 20 2 24 14 7 13 25 3 8 6
"g11346" 391 141 61 302 122 340 434 247 255 507
"g11347" 146 122 90 105 91 189 93 96 110 121
"g11348" 33 73 89 36 74 129 104 52 140 99
"g11349" 401 258 227 358 275 362 400 235 397 337
"g11350" 483 310 315 345 288 529 618 444 600 423
"g11351" 12 17 24 13 18 5 37 8 24 22
"g11352" 1240 679 551 334 571 468 506 486 964 521
"g11353" 22 10 6 14 7 10 22 12 11 11
"g11354" 7 12 8 19 7 15 24 10 11 43
"g11355" 128 163 106 179 68 77 118 94 62 65
"g11356" 220 577 269 283 294 223 524 381 336 281
"g11357" 552 223 355 119 284 184 488 318 414 458
"g11358" 40 8 26 5 4 11 5 7 14 4
"g11359" 9213 2586 3401 3180 8355 5772 5247 2552 6297 5559
"g11360" 1409 1016 958 1635 1688 1019 2041 1240 1505 2211
"g11361" 6 0 38 6 19 40 1 0 5 0
"g11362" 51 40 70 45 17 54 77 34 71 66
"g11363" 312 434 245 346 233 371 437 301 541 394
"g11364" 1304 1054 133 1872 1679 1502 1633 1503 1178 299
"g11365" 1510 322 64 1023 392 2813 521 260 1259 14
"g11366" 4 0 2 0 1 2 6 11 9 9
"g11367" 2 2 14 5 5 8 2 0 9 16
"g11368" 32 7 35 37 46 29 15 39 29 29
"g11369" 2180 1297 986 1111 1136 795 2484 638 1458 1459
"g11370" 248 94 195 87 235 135 167 196 85 139
"g11371" 1930 838 792 777 980 1280 1361 495 1290 987
"g11372" 107 50 106 81 123 62 99 107 127 64
"g11373" 10 5 3 8 11 7 14 6 18 15
"g11374" 19 11 7 11 13 11 25 16 13 20
"g11375" 15 22 25 43 55 134 379 14 130 2
"g11376" 2380 1353 2604 4679 2797 2131 3481 2659 3104 2811
"g11377" 1015 1127 1067 856 999 1300 1524 798 1008 1018
"g11378" 339 364 344 424 256 391 353 500 418 305
"g11379" 465 299 363 320 399 296 437 356 615 514
"g11380" 92 46 267 193 133 537 391 463 299 162
"g11381" 1905 1594 1078 1508 1152 1260 2648 1867 2046 1416
"g11382" 1302 870 1466 770 755 928 1585 949 1327 1148
"g11383" 0 0 5 1 2 0 0 0 3 6
"g11384" 0 0 0 5 0 0 0 0 0 0
"g11385" 100 58 64 46 36 41 95 64 147 61
"g11386" 23 6 13 8 4 6 43 8 30 17
"g11387" 1874 1177 1628 1496 1146 1734 2422 1412 2765 1834
"g11388" 4428 2704 2891 3498 3829 3544 5804 3423 4253 3830
"g11389" 2 5 2 1 6 9 8 4 1 8
"g11390" 75 55 59 125 137 64 247 135 132 146
"g11391" 147 65 69 62 41 176 56 167 146 126
"g11392" 86 38 58 40 49 22 43 24 48 35
"g11393" 70 20 14 0 2 41 5 9 51 22
"g11394" 23 24 55 20 4 11 21 15 39 26
"g11395" 0 9 9 6 3 6 3 2 7 3
"g11396" 94 64 54 63 119 75 169 99 89 69
"g11397" 2 1 1 5 5 5 4 7 14 3
"g11398" 263 698 280 279 364 408 497 306 322 638
"g11399" 4 1 3 6 2 4 4 1 7 2
"g11400" 3954 2497 2283 5869 7316 5113 7660 2718 4395 3227
"g11401" 84 6 1 12 8 0 12 33 60 8
"g11402" 160 84 106 68 98 139 109 90 190 106
"g11403" 981 740 946 1039 1167 596 1149 689 1663 1388
"g11404" 1160 865 1929 1539 3871 1568 5705 1368 4750 1904
"g11405" 263 63 85 58 78 40 204 57 140 139
"g11406" 100 64 56 141 121 78 96 42 273 129
"g11407" 58 38 64 104 78 26 19 3 54 34
"g11408" 65 32 33 50 35 10 49 57 10 43
"g11409" 279 118 97 119 93 81 79 317 441 38
"g11410" 12 8 5 4 6 14 20 9 7 6
"g11411" 163 32 76 37 100 106 102 53 85 73
"g11412" 54 27 56 46 61 55 30 22 23 13
"g11413" 187 151 171 135 159 143 144 151 354 96
"g11414" 157 20 15 39 184 135 65 10 250 56
"g11415" 8 2 6 2 2 9 3 3 15 5
"g11416" 5 2 1 0 1 0 17 9 0 5
"g11417" 11 4 6 6 17 22 18 10 15 18
"g11418" 1690 1600 1772 1175 1792 1458 2998 1152 1554 1911
"g11419" 410 657 354 739 832 669 706 458 1430 617
"g11420" 0 4 0 0 2 1 4 2 3 2
"g11421" 149 122 222 128 199 188 195 128 236 183
"g11422" 488 282 560 287 108 292 263 259 467 610
"g11423" 0 7 7 0 8 5 0 0 6 6
"g11424" 5877 3861 2976 2967 3966 3208 3380 4765 5359 3295
"g11425" 53 62 91 60 45 50 59 19 96 32
"g11426" 5 5 2 1 2 2 1 10 2 4
"g11427" 5 1 5 5 6 4 4 3 5 6
"g11428" 66 42 47 55 66 41 69 54 72 41
"g11429" 357 200 395 520 342 424 900 250 507 398
"g11430" 167 211 145 182 249 174 314 173 526 298
"g11431" 303 30 35 134 137 48 5 24 5 13
"g11432" 2 9 3 2 4 3 4 7 4 5
"g11433" 283 87 391 440 451 259 665 449 417 316
"g11434" 1 1 3 1 2 3 0 3 4 4
"g11435" 673 730 888 330 409 618 773 559 1033 712
"g11436" 413 186 254 447 186 774 470 471 437 470
"g11437" 148 89 71 102 149 115 122 153 77 226
"g11438" 494 308 627 189 580 605 1207 707 1002 1405
"g11439" 141 153 141 202 364 258 338 180 322 472
"g11440" 40 28 26 20 31 34 26 17 46 41
"g11441" 1191 959 1215 1824 809 1929 1099 1537 1215 748
"g11442" 1440 960 1098 1108 2187 3153 934 1991 1626 1536
"g11443" 49 44 15 44 34 39 37 9 84 52
"g11444" 435 159 243 172 191 233 304 140 122 170
"g11445" 104 77 49 77 122 105 160 103 120 104
"g11446" 543 426 451 512 441 443 887 492 676 478
"g11447" 8 3 5 6 7 3 4 8 12 11
"g11448" 1925 1129 971 1240 1666 1099 2132 1393 1524 1645
"g11449" 701 502 306 823 688 601 1234 679 579 743
"g11450" 26 4 78 7 13 20 27 52 9 8
"g11451" 58 0 20 11 0 1 10 3 19 7
"g11452" 5 2 8 1 2 2 7 7 18 0
"g11453" 4540 743 2261 1889 1898 1325 5569 3751 2349 2190
"g11454" 5 149 23 152 0 6 31 67 2 0
"g11455" 43 28 36 28 18 15 29 6 35 31
"g11456" 47 33 30 47 19 29 46 26 50 59
"g11457" 12 3 0 14 7 1 14 5 14 7
"g11458" 7 12 4 0 9 1 1 4 48 5
"g11459" 115 256 540 288 157 357 176 352 330 417
"g11460" 1 0 0 0 0 1 30 0 0 0
"g11461" 47 14 28 56 36 26 43 16 49 22
"g11462" 31 2 11 26 43 1 6 3 6 26
"g11463" 4 2 6 8 1 5 10 3 1 3
"g11464" 1087 884 705 389 486 397 916 647 1045 524
"g11465" 321 269 141 85 571 184 1405 312 795 878
"g11466" 9 25 13 18 22 39 32 9 77 0
"g11467" 642 347 463 376 469 585 482 369 410 464
"g11468" 3 4 3 4 7 1 2 6 3 1
"g11469" 1 8 20 11 15 15 2 1 3 10
"g11470" 107 28 81 8 77 83 174 79 259 98
"g11471" 546 309 422 460 333 295 567 488 540 582
"g11472" 1 15 0 0 0 1 0 10 1 0
"g11473" 24 50 22 17 49 54 42 21 71 34
"g11474" 114 44 111 126 66 102 163 123 136 37
"g11475" 308 116 580 529 172 476 180 337 446 73
"g11476" 1 0 7 0 4 1 4 5 4 0
"g11477" 6 4 3 0 3 1 2 0 2 2
"g11478" 206 130 70 258 47 36 58 84 43 54
"g11479" 71 52 257 357 62 73 48 6 433 176
"g11480" 1153 486 518 444 373 629 1368 787 621 557
"g11481" 0 1 0 6 6 6 7 6 1 3
"g11482" 10 13 8 6 16 13 23 8 21 22
"g11483" 36 44 11 34 116 48 50 35 154 51
"g11484" 77 70 51 114 77 112 122 68 52 101
"g11485" 6 1 1 1 4 5 4 5 7 2
"g11486" 2 7 0 0 3 2 0 0 10 1
"g11487" 5 19 32 46 2 1 52 39 53 87
"g11488" 1215 844 726 696 1026 406 1034 845 1351 902
"g11489" 2 14 16 7 33 16 4 8 29 19
"g11490" 5 2 0 0 0 9 2 3 2 4
"g11491" 1641 2343 1045 2660 1750 2020 1900 1602 2768 1269
"g11492" 37 43 38 50 14 51 16 65 29 24
"g11493" 68 24 13 25 33 21 46 11 30 40
"g11494" 376 61 44 61 409 66 248 51 1349 521
"g11495" 268 167 337 85 457 417 260 110 485 126
"g11496" 4777 4125 2707 3884 4352 3819 6732 3634 5056 4402
"g11497" 308 487 111 367 186 206 338 268 207 238
"g11498" 51 148 135 130 174 169 207 112 295 125
"g11499" 205 366 428 208 873 218 454 250 597 353
"g11500" 7166 4372 6252 9523 7729 6814 13448 9700 13032 11016
"g11501" 1270 1261 1075 1273 1046 966 1595 840 1551 1182
"g11502" 30 13 58 1 11 31 27 6 9 20
"g11503" 294 760 211 745 491 64 266 276 284 357
"g11504" 4 1 2 1 2 2 0 16 1 0
"g11505" 7 0 0 0 1 11 2 1 3 2
"g11506" 846 524 748 1193 520 343 986 824 1351 793
"g11507" 281 134 2 155 36 86 288 68 109 164
"g11508" 12 1 170 11 13 50 77 144 121 470
"g11509" 1 2 4 4 4 2 8 7 2 7
"g11510" 4 2 5 4 6 2 6 6 4 7
"g11511" 53 51 63 42 67 55 76 52 80 46
"g11512" 9 5 8 0 5 3 12 4 6 5
"g11513" 16 7 19 14 13 6 12 9 12 18
"g11514" 833 496 539 437 740 724 746 574 786 620
"g11515" 1523 622 376 1039 961 1013 1817 780 1459 1296
"g11516" 4 0 0 1 2 3 0 0 6 0
"g11517" 5 2 0 2 4 0 1 0 22 2
"g11518" 40 54 56 37 53 39 33 21 53 59
"g11519" 76 14 25 39 26 68 59 40 55 41
"g11520" 536 365 381 346 316 248 690 476 457 316
"g11521" 2178 679 875 2837 1620 1684 1381 2021 618 652
"g11522" 48 22 63 23 28 69 48 62 43 47
"g11523" 3 14 15 28 31 1 15 21 28 10
"g11524" 8 19 14 8 11 56 18 16 19 29
"g11525" 38 48 30 33 61 41 43 34 69 38
"g11526" 0 44 64 0 148 0 18 131 0 66
"g11527" 65 1 12 11 50 24 8 10 147 112
"g11528" 583 606 674 610 580 636 925 568 731 800
"g11529" 1 39 77 1 42 68 18 1 63 2
"g11530" 2 5 4 3 2 0 19 12 0 5
"g11531" 6 18 18 0 2 16 24 12 1 11
"g11532" 1055 1184 904 889 556 1084 1143 481 1059 751
"g11533" 0 0 0 13 2 3 26 0 5 0
"g11534" 3258 1710 2264 2675 2720 2710 3347 2301 2027 2356
"g11535" 411 236 93 117 92 400 324 444 178 317
"g11536" 871 895 1057 1052 994 681 2550 574 895 1144
"g11537" 141 32 190 4 89 112 108 105 54 230
"g11538" 88 50 69 69 83 54 99 69 99 108
"g11539" 22 6 23 3 21 13 12 9 6 4
"g11540" 1077 703 603 644 651 653 780 643 665 704
"g11541" 198 172 284 166 251 335 280 514 175 411
"g11542" 238 103 274 224 222 156 196 72 238 358
"g11543" 40 19 47 15 48 26 92 22 48 58
"g11544" 9 13 70 19 10 70 17 12 31 36
"g11545" 7946 3719 2755 2440 6513 6772 7433 6451 10554 2616
"g11546" 22 9 8 18 10 14 21 9 11 15
"g11547" 650 347 459 560 424 499 846 546 607 762
"g11548" 125 86 150 125 77 110 197 119 194 119
"g11549" 560 317 356 477 517 499 1074 638 741 496
"g11550" 110 73 95 97 54 61 124 72 52 120
"g11551" 2647 1179 1257 1342 1220 1482 2157 2572 2956 1050
"g11552" 1328 784 757 666 833 1041 1409 1000 1321 981
"g11553" 674 458 338 485 586 2011 1125 516 1417 854
"g11554" 1605 1403 1154 1127 2327 1620 2577 1480 3313 1471
"g11555" 20 4 68 48 9 26 11 75 24 44
"g11556" 17 60 26 11 14 15 19 8 31 7
"g11557" 49 1 11 0 15 14 0 34 0 9
"g11558" 21 11 16 12 16 34 27 18 49 18
"g11559" 1 1 2 1 5 1 4 0 5 5
"g11560" 11153 5516 6790 10557 14653 8537 10985 22422 21719 6308
"g11561" 18 19 21 30 14 41 23 28 35 23
"g11562" 595 274 243 561 523 589 443 566 798 365
"g11563" 58 18 54 25 46 54 49 84 118 28
"g11564" 7 0 2 1 0 5 3 0 1 1
"g11565" 26 16 10 22 16 8 28 31 28 10
"g11566" 1 3 0 0 2 0 8 0 0 3
"g11567" 30 34 18 24 37 27 39 14 40 41
"g11568" 4 3 3 3 1 0 6 1 10 18
"g11569" 144 131 30 110 88 69 126 230 147 208
"g11570" 186 120 135 138 103 117 234 138 163 130
"g11571" 1626 1229 1285 1426 1359 1420 2399 1219 2370 1795
"g11572" 7 11 3 5 10 5 17 0 4 14
"g11573" 4 8 2 0 4 3 14 6 5 5
"g11574" 0 0 0 0 4 0 2 0 0 0
"g11575" 1 24 4 37 74 0 1 14 30 1
"g11576" 139 56 67 73 43 119 211 52 211 164
"g11577" 19 10 2 13 7 27 9 17 18 2
"g11578" 704 375 520 309 431 205 689 287 681 307
"g11579" 12026 5762 5159 15065 9237 9497 13782 3153 12966 10784
"g11580" 277 81 300 0 52 234 9 46 46 85
"g11581" 1306 1098 770 987 1293 1187 1478 714 1693 1065
"g11582" 0 0 4 0 1 8 6 4 12 2
"g11583" 494 264 598 436 717 533 649 573 708 488
"g11584" 42 5 7 3 14 10 11 10 22 24
"g11585" 408 626 807 999 1936 950 1484 622 1744 481
"g11586" 63 30 28 47 44 56 49 60 14 29
"g11587" 15 12 16 24 26 25 1 13 55 2
"g11588" 13 8 6 16 8 17 25 6 5 22
"g11589" 104 60 53 81 57 53 37 58 57 52
"g11590" 6 15 1 5 1 1 6 3 1 1
"g11591" 111 54 51 60 118 65 109 54 132 103
"g11592" 12 6 12 14 9 6 31 10 13 4
"g11593" 60 176 199 144 180 42 202 116 102 233
"g11594" 209 260 183 73 38 166 370 120 437 267
"g11595" 1396 1011 1080 862 788 1275 1208 988 829 1663
"g11596" 13 2 4 0 0 3 1 0 0 3
"g11597" 253 155 135 154 121 247 248 123 325 126
"g11598" 595 408 902 507 497 706 874 399 311 692
"g11599" 493 1096 678 525 802 1224 949 849 1589 825
"g11600" 70 19 49 22 45 22 24 13 63 41
"g11601" 341 227 337 270 320 303 351 98 148 296
"g11602" 229 185 166 151 145 139 217 186 208 176
"g11603" 36 5 29 30 19 32 37 7 65 41
"g11604" 18 14 9 35 24 32 16 17 32 53
"g11605" 316 168 272 582 363 613 1031 219 295 746
"g11606" 378 745 175 178 237 193 807 712 298 312
"g11607" 802 476 864 794 750 741 1152 745 870 1072
"g11608" 374 188 236 206 260 252 326 282 290 205
"g11609" 21 17 15 13 17 15 21 10 25 35
"g11610" 247 198 237 102 221 326 334 387 253 609
"g11611" 1194 605 512 600 645 544 727 699 1183 537
"g11612" 56 58 36 42 36 76 68 105 43 10
"g11613" 10 36 10 4 30 56 9 37 0 8
"g11614" 195 167 188 201 237 226 299 158 280 229
"g11615" 527 386 293 489 454 651 521 604 499 919
"g11616" 0 6 0 4 2 46 2 0 0 1
"g11617" 567 767 376 430 826 550 509 519 412 537
"g11618" 749 491 405 627 645 899 934 498 819 1157
"g11619" 363 317 234 423 358 374 743 459 417 488
"g11620" 43 98 90 52 101 59 58 91 68 128
"g11621" 3642 1778 3650 6124 3415 2746 5727 3329 4073 2937
"g11622" 763 595 482 586 743 698 780 681 788 580
"g11623" 155 295 174 290 109 87 227 321 132 153
"g11624" 3742 2852 4213 2836 3015 2594 5472 2629 5964 4964
"g11625" 3098 6336 2868 5121 3177 4118 7662 2468 5941 3376
"g11626" 4 0 3 2 0 5 4 3 8 4
"g11627" 1195 531 444 301 101 98 776 371 1684 343
"g11628" 39 1 0 43 55 9 53 129 154 133
"g11629" 161 73 107 130 122 132 152 100 255 256
"g11630" 247 416 1522 1127 1550 345 1993 591 578 1489
"g11631" 0 1 0 2 1 0 4 1 3 1
"g11632" 715 484 471 648 531 817 1028 401 845 712
"g11633" 1663 1738 916 1001 1817 1983 3360 1289 2216 1529
"g11634" 366 337 312 392 390 376 336 293 490 412
"g11635" 18 5 16 16 8 11 14 10 28 11
"g11636" 2816 1845 2693 1767 3406 4155 1874 2255 3459 7048
"g11637" 141 97 93 119 150 74 148 161 155 60
"g11638" 25 16 2 13 5 8 8 7 17 0
"g11639" 85 122 113 401 48 127 97 131 167 102
"g11640" 122 50 47 15 50 72 113 96 102 38
"g11641" 36 1 65 108 5 55 94 3 55 190
"g11642" 291 145 179 768 1103 221 615 97 326 253
"g11643" 849 1435 807 1190 1088 540 1095 543 1477 2486
"g11644" 1 1 0 1 2 1 3 5 9 0
"g11645" 557 370 529 511 446 711 736 271 488 438
"g11646" 2 3 1 6 2 2 3 5 5 7
"g11647" 329 221 174 256 288 398 390 227 325 338
"g11648" 3833 1919 3622 4238 2548 2903 4730 3338 4735 3482
"g11649" 1482 1953 1233 1038 2004 1596 2621 1009 2451 2000
"g11650" 627 406 572 679 518 609 831 501 620 646
"g11651" 100 64 116 83 57 71 197 47 111 100
"g11652" 168 189 153 220 191 189 206 169 237 160
"g11653" 339 226 303 198 314 355 240 194 291 295
"g11654" 13 5 8 6 33 11 0 2 6 1
"g11655" 31 32 29 48 15 31 17 49 40 33
"g11656" 103 53 109 54 67 99 126 52 133 92
"g11657" 1265 393 632 1389 861 852 1292 965 1611 831
"g11658" 32 90 27 6 19 3 31 27 18 110
"g11659" 8 5 2 2 1 1 3 4 1 0
"g11660" 2 11 4 6 19 1 5 4 14 12
"g11661" 2330 993 1381 1755 1561 1142 1914 1579 2041 1489
"g11662" 4150 3098 1576 695 5060 4230 7125 7511 8645 4512
"g11663" 84 58 66 83 92 32 58 27 49 36
"g11664" 20 6 14 14 8 13 21 26 23 23
"g11665" 1411 1235 1301 856 1159 1037 1480 934 1783 1598
"g11666" 1 5 11 0 1 1 1 3 11 6
"g11667" 15 5 22 12 70 57 80 12 30 27
"g11668" 119 122 7 10 47 355 154 57 16 201
"g11669" 9651 6183 3396 7139 8076 12152 13646 4781 6883 11290
"g11670" 39 45 19 87 55 55 196 90 124 39
"g11671" 114 130 131 147 144 178 311 127 218 185
"g11672" 204 102 354 171 209 141 194 133 476 137
"g11673" 12 15 1 25 0 13 30 66 62 68
"g11674" 1 4 6 12 4 2 17 11 3 14
"g11675" 1 0 1 0 1 3 1 2 2 4
"g11676" 30 24 7 12 59 6 56 29 2 21
"g11677" 1962 1360 944 2443 1185 3044 2635 779 2147 1623
"g11678" 198 86 70 116 53 113 159 108 235 170
"g11679" 245 80 9 32 138 78 223 74 95 53
"g11680" 7 4 1 5 8 1 3 2 4 14
"g11681" 127 218 154 279 106 182 65 6 285 135
"g11682" 1151 459 414 435 479 505 529 695 947 657
"g11683" 669 421 509 302 287 328 712 418 596 432
"g11684" 2214 1885 1151 1503 2534 1004 2397 1474 2352 1737
"g11685" 1080 678 524 581 315 671 762 1779 1191 667
"g11686" 1 12 0 72 16 20 19 45 37 21
"g11687" 71 69 82 82 60 107 64 146 56 221
"g11688" 1369 869 599 898 680 1411 1726 1563 1574 1637
"g11689" 610 254 548 353 299 326 71 213 152 474
"g11690" 137 95 93 87 62 66 90 48 116 100
"g11691" 10461 3635 6445 5432 6203 8288 7539 3837 7483 3547
"g11692" 5 4 3 5 4 2 6 5 7 4
"g11693" 54 43 41 48 52 29 61 26 65 53
"g11694" 0 3 0 2 1 2 35 18 64 76
"g11695" 646 91 156 481 323 89 2791 31 363 92
"g11696" 1052 847 819 1019 914 901 841 784 1228 901
"g11697" 7173 5134 2081 3168 4357 3514 4669 4110 8196 5543
"g11698" 25 33 18 14 13 7 80 5 54 38
"g11699" 1080 1756 1094 1185 712 1563 573 777 1246 845
"g11700" 30 17 12 31 10 18 37 47 47 49
"g11701" 65 87 70 70 52 72 103 35 83 70
"g11702" 1 0 1 0 0 0 2 1 5 0
"g11703" 752 168 201 222 216 223 451 582 225 405
"g11704" 62 60 47 50 77 100 116 100 63 86
"g11705" 1476 1789 776 625 1518 1282 2332 1485 2227 966
"g11706" 42 48 36 33 23 40 74 48 44 36
"g11707" 469 313 259 249 310 287 386 193 396 433
"g11708" 219 261 258 213 281 193 392 279 348 109
"g11709" 32 60 33 52 58 64 101 88 46 93
"g11710" 5 8 8 3 6 3 3 4 3 6
"g11711" 197 159 360 298 649 418 513 135 343 257
"g11712" 2454 2306 2628 1622 1874 582 2221 1233 1198 1793
"g11713" 847 368 389 465 783 493 1112 710 1156 831
"g11714" 223 67 83 2 191 291 1375 732 670 887
"g11715" 8 6 6 4 4 1 15 2 4 9
"g11716" 840 400 500 421 801 637 1390 641 724 665
"g11717" 1 1 6 2 6 2 9 1 5 2
"g11718" 10 13 11 12 17 6 1 13 15 9
"g11719" 51 52 33 39 64 14 36 31 66 48
"g11720" 905 25 33 63 39 1176 44 87 737 5
"g11721" 1297 905 794 927 936 911 1611 1018 1336 1252
"g11722" 1144 781 1067 678 1123 1181 2082 982 1718 1288
"g11723" 1743 1025 2010 825 1452 1634 1604 1349 2369 1902
"g11724" 3784 2790 1931 4060 2884 3609 6136 3592 2826 2830
"g11725" 460 352 349 363 413 413 631 331 527 426
"g11726" 339 210 181 519 54 456 447 181 477 268
"g11727" 153 133 419 129 184 237 446 316 490 292
"g11728" 12 44 57 44 91 41 42 42 91 83
"g11729" 2715 1585 1133 1964 2503 2713 4714 1854 2707 2740
"g11730" 2322 800 631 954 1443 1546 1829 674 1464 685
"g11731" 606 473 483 339 513 530 1084 439 577 553
"g11732" 7 1 9 1 2 21 19 1 7 0
"g11733" 90 83 153 204 426 140 254 83 183 184
"g11734" 44 51 23 20 32 33 69 26 39 57
"g11735" 28 44 40 42 25 21 45 44 40 46
"g11736" 34 28 31 17 29 20 53 27 58 39
"g11737" 315 294 204 264 175 140 159 92 381 408
"g11738" 2 6 2 9 0 0 6 2 4 3
"g11739" 2282 864 1569 1063 1387 2503 2843 1716 2529 1282
"g11740" 790 62 1042 222 81 324 523 469 1045 868
"g11741" 128 81 153 94 27 163 48 113 120 107
"g11742" 15 241 242 169 294 201 286 20 341 11
"g11743" 4655 1553 3011 5220 3190 3052 10315 3455 4881 3708
"g11744" 2 7 11 5 15 12 3 21 17 10
"g11745" 196 177 173 135 151 272 282 135 305 154
"g11746" 3 13 0 6 3 5 17 24 15 4
"g11747" 16 9 7 4 23 8 25 7 20 24
"g11748" 440 489 486 463 376 418 776 358 455 514
"g11749" 65 74 17 14 52 25 8 69 114 87
"g11750" 1675 1399 1274 1973 1705 1574 2905 1399 2723 2094
"g11751" 995 795 548 936 920 1157 1151 613 1373 816
"g11752" 17 21 14 20 6 16 19 14 20 21
"g11753" 197 148 282 203 136 278 709 164 220 141
"g11754" 1 1 6 0 2 1 6 1 4 1
"g11755" 30 14 6 28 8 22 40 33 48 21
"g11756" 672 515 467 343 700 452 505 455 713 536
"g11757" 0 1 0 2 1 3 6 0 0 1
"g11758" 1341 725 1135 1857 1203 1344 1541 718 1394 1766
"g11759" 883 884 967 1135 955 834 1459 711 1496 904
"g11760" 601 390 562 867 508 459 1039 378 493 1028
"g11761" 29 24 10 14 18 13 28 17 14 14
"g11762" 1729 956 618 881 1323 1008 1000 948 1025 598
"g11763" 0 0 0 14 0 0 0 18 28 0
"g11764" 344 292 144 448 368 188 414 270 239 333
"g11765" 8 7 13 10 2 28 16 5 16 22
"g11766" 48 49 66 74 29 73 28 64 145 92
"g11767" 22 8 42 28 17 32 12 32 29 25
"g11768" 1391 868 749 1018 1263 1235 1601 988 1216 1231
"g11769" 42 0 0 0 0 0 0 2 1 0
"g11770" 929 516 694 262 496 529 703 308 885 109
"g11771" 797 165 256 535 399 115 594 271 252 243
"g11772" 38 22 27 17 47 44 22 30 37 81
"g11773" 20 24 20 14 31 38 31 24 27 26
"g11774" 35 49 8 43 48 32 53 27 28 33
"g11775" 285 119 191 200 185 187 255 186 227 206
"g11776" 6 33 35 13 39 12 17 19 30 8
"g11777" 4 14 12 6 4 4 16 6 9 7
"g11778" 25413 19220 11861 19104 11379 8994 24781 12517 25191 17378
"g11779" 7159 5557 6249 6867 4419 8330 7919 6194 8066 6659
"g11780" 10 2 14 0 10 11 13 20 4 17
"g11781" 2639 885 1770 480 257 357 1764 809 1410 1946
"g11782" 198 236 22 85 16 80 166 261 150 123
"g11783" 10330 10218 7440 4006 6178 6527 12062 5963 14258 5181
"g11784" 11 3 2 1 8 3 4 3 2 3
"g11785" 391 313 336 429 257 382 659 294 1326 425
"g11786" 7 5 5 7 7 17 41 5 4 5
"g11787" 9 4 0 17 1 10 19 5 1 11
"g11788" 93 40 77 48 33 71 128 53 95 50
"g11789" 129 635 322 125 66 365 424 336 228 304
"g11790" 2 0 4 0 1 7 8 2 0 0
"g11791" 2063 1977 1741 1435 2361 1877 1980 2443 3122 2484
"g11792" 5289 2662 1993 1057 4002 4477 6589 5338 2291 3889
"g11793" 26 22 30 41 11 39 45 28 57 32
"g11794" 5389 3096 3960 2285 4569 3434 4501 4885 8232 3726
"g11795" 3927 545 1429 1527 1108 678 2591 1434 1495 1720
"g11796" 262 212 259 197 185 128 257 199 178 249
"g11797" 1061 479 538 733 980 842 2442 1621 1713 898
"g11798" 14 4 12 10 1 0 7 0 15 5
"g11799" 4 2 7 3 9 12 4 13 13 11
"g11800" 152 105 99 99 107 98 152 130 168 177
"g11801" 16900 20203 4141 36397 16565 9588 8650 7044 19921 11917
"g11802" 51 16 67 19 49 71 66 46 43 108
"g11803" 508 130 219 80 396 151 288 290 405 344
"g11804" 3377 1513 2530 3689 2843 3076 3596 1947 2456 4403
"g11805" 835 609 516 524 454 443 676 504 383 618
"g11806" 146 90 64 87 202 156 198 93 151 207
"g11807" 34 65 75 51 82 60 106 71 109 56
"g11808" 733 913 801 496 424 937 1097 566 1243 1530
"g11809" 29 0 2 2 0 9 12 8 3 2
"g11810" 17 0 1 0 4 3 6 2 3 3
"g11811" 0 2 1 5 1 1 7 0 3 2
"g11812" 38 29 41 31 44 16 62 40 68 56
"g11813" 4 3 2 1 1 0 5 3 7 3
"g11814" 2225 1151 1477 1982 1409 1573 2731 2190 2334 2713
"g11815" 623 155 34 178 161 302 314 123 256 260
"g11816" 83 34 92 72 70 63 73 69 78 67
"g11817" 20 40 2 3 13 25 28 17 23 33
"g11818" 899 756 1292 1040 559 465 524 510 811 835
"g11819" 0 0 1 0 11 1 0 1 1 0
"g11820" 8 2 10 5 3 5 4 4 9 8
"g11821" 0 2 12 12 5 9 8 35 75 3
"g11822" 130 123 94 120 46 221 212 125 264 82
"g11823" 24 10 21 14 16 15 20 9 35 24
"g11824" 34 0 2 5 18 18 64 7 36 5
"g11825" 134 123 89 135 134 75 121 106 152 121
"g11826" 8 52 39 23 29 4 46 29 1 20
"g11827" 721 2128 430 507 873 363 900 580 1070 832
"g11828" 4122 3116 1735 2694 1771 1659 2974 3176 4443 2585
"g11829" 1101 1052 556 1217 610 999 1161 633 1132 887
"g11830" 37 8 0 11 7 21 6 4 1 1
"g11831" 132 39 25 28 42 58 117 63 57 174
"g11832" 161 89 144 104 105 141 122 159 90 170
"g11833" 16 11 36 47 47 29 40 10 38 16
"g11834" 3 2 1 2 1 6 0 1 2 2
"g11835" 736 301 829 1147 455 601 594 395 1274 911
"g11836" 3 2 3 2 1 5 2 3 2 5
"g11837" 3205 2147 1612 1509 1951 3445 2677 2398 4814 1912
"g11838" 3 0 0 2 3 4 5 1 4 3
"g11839" 72 91 36 186 85 112 142 43 69 114
"g11840" 448 388 974 339 410 828 1385 702 803 1043
"g11841" 278 229 179 223 162 113 284 57 283 177
"g11842" 795 664 1130 886 730 639 1023 530 911 819
"g11843" 195 39 12 153 66 192 140 151 15 68
"g11844" 1419 903 745 553 1065 497 796 765 881 990
"g11845" 677 382 418 361 316 341 598 307 558 328
"g11846" 983 512 1311 789 598 552 1032 962 834 870
"g11847" 122 14 46 12 117 56 191 50 282 26
"g11848" 439 960 1743 1306 617 1161 1753 213 922 1294
"g11849" 3057 3072 3246 3326 3096 2960 5132 3703 3349 4020
"g11850" 5 1 5 5 2 0 2 3 0 1
"g11851" 5593 2737 2489 5010 3704 5051 6624 4205 4956 4623
"g11852" 19 55 96 35 116 140 117 188 201 239
"g11853" 11 6 4 9 9 14 5 9 16 10
"g11854" 5226 3158 3538 2698 4425 4497 5929 3689 5698 4077
"g11855" 287 204 243 269 110 168 164 243 261 251
"g11856" 3 2 0 10 1 9 0 5 7 8
"g11857" 21 1 5 4 3 48 14 19 0 0
"g11858" 3594 2467 1979 3094 2572 3047 3064 2939 2279 1862
"g11859" 0 0 0 4 0 3 0 0 17 0
"g11860" 54 17 36 50 27 15 35 42 7 9
"g11861" 55 47 136 85 16 22 74 86 29 53
"g11862" 570 401 280 653 281 403 649 246 804 523
"g11863" 649 1061 1361 1299 1277 1759 1316 1438 1965 1706
"g11864" 235 251 144 337 349 237 184 70 661 15
"g11865" 2 7 13 7 1 19 12 13 3 22
"g11866" 828 314 313 16 5 142 454 30 389 317
"g11867" 386 284 185 265 251 227 255 245 260 382
"g11868" 260 192 305 102 242 252 132 226 244 287
"g11869" 267 344 292 390 319 258 293 310 373 279
"g11870" 0 20 53 6 61 59 0 42 3 1
"g11871" 6 19 44 7 4 2 14 2 6 6
"g11872" 1868 610 709 1132 606 976 1214 970 812 745
"g11873" 128 75 70 57 17 35 43 43 62 78
"g11874" 15 0 8 39 0 0 0 0 75 0
"g11875" 922 799 1298 3219 582 341 3168 1268 2705 1729
"g11876" 65 46 68 61 47 55 46 50 109 81
"g11877" 23 17 41 35 38 5 26 16 26 21
"g11878" 31 54 13 51 81 70 127 57 124 56
"g11879" 496 444 395 341 327 213 412 267 571 465
"g11880" 75 68 142 67 114 83 103 74 112 83
"g11881" 23 1 5 7 5 6 3 9 19 22
"g11882" 42 28 17 7 17 9 21 38 75 23
"g11883" 8 3 5 6 6 5 2 4 2 5
"g11884" 435 380 325 395 344 379 524 310 467 389
"g11885" 546 360 106 330 207 115 327 148 299 276
"g11886" 210 67 81 81 66 163 211 178 285 157
"g11887" 122 59 72 60 89 84 50 76 102 156
"g11888" 568 624 536 609 242 408 671 512 2050 505
"g11889" 89 2 7 74 0 165 176 162 45 221
"g11890" 570 477 667 588 263 389 422 777 650 781
"g11891" 12 3 4 8 10 5 9 16 5 7
"g11892" 5 30 2 8 1 1 7 0 2 5
"g11893" 19 1 1 0 1 1 4 6 4 12
"g11894" 768 618 669 621 678 518 903 593 956 783
"g11895" 24 10 10 26 19 18 21 21 51 33
"g11896" 936 940 753 1257 976 1659 1280 689 1608 1212
"g11897" 5 5 15 4 4 5 12 6 9 16
"g11898" 795 230 431 352 341 156 772 258 224 135
"g11899" 1 11 4 2 4 3 2 6 8 5
"g11900" 8 4 7 6 14 7 5 3 3 3
"g11901" 197 244 549 194 243 155 290 60 453 262
"g11902" 962 874 905 486 541 915 1013 900 1017 726
"g11903" 0 4 6 61 9 4 46 16 0 0
"g11904" 9 1 125 25 0 32 12 19 39 47
"g11905" 118 74 71 97 132 109 114 110 223 133
"g11906" 627 84 537 248 465 628 604 95 344 395
"g11907" 29 67 47 11 48 46 62 27 80 50
"g11908" 912 82 149 132 303 112 75 191 331 503
"g11909" 184 153 320 430 97 355 326 238 476 511
"g11910" 5 2 32 8 2 3 23 2 28 4
"g11911" 7 4 3 13 6 0 7 4 11 1
"g11912" 6 15 20 27 42 36 28 34 16 23
"g11913" 5 3 0 0 0 19 2 0 0 4
"g11914" 20 17 21 5 28 7 20 2 50 16
"g11915" 3 1 0 0 9 0 1 0 1 1
"g11916" 155 149 124 201 102 329 154 175 325 233
"g11917" 4 92 21 31 39 27 45 12 18 39
"g11918" 379 1205 535 507 1302 636 708 433 568 572
"g11919" 21 18 21 40 34 47 34 9 19 40
"g11920" 7 14 14 6 5 4 17 10 4 9
"g11921" 9 13 0 0 29 3 4 0 0 0
"g11922" 433 619 112 463 408 664 910 658 597 439
"g11923" 1 0 2 1 4 0 2 19 13 0
"g11924" 5 4 10 5 2 8 10 11 24 11
"g11925" 14 14 25 18 24 8 18 13 30 22
"g11926" 3508 2398 2035 4307 2319 2281 4389 961 4709 3716
"g11927" 1625 1051 885 1774 1316 1172 2369 2381 2214 1736
"g11928" 1 0 0 1 4 2 33 0 0 1
"g11929" 233 248 201 119 182 204 275 208 324 243
"g11930" 1036 388 614 212 444 271 1276 346 586 447
"g11931" 105 492 157 41 566 315 229 164 96 238
"g11932" 235 94 183 89 139 164 193 79 143 163
"g11933" 4398 2682 2285 2635 1881 1664 2800 3632 4743 3955
"g11934" 1057 1033 1058 1172 1407 1348 1163 917 1456 1380
"g11935" 5766 4853 3158 5224 4502 4830 6069 5603 6404 5867
"g11936" 316 92 127 14 81 203 28 218 153 384
"g11937" 5 0 1 0 12 2 19 14 21 3
"g11938" 22 3 20 4 10 7 6 13 4 5
"g11939" 545 381 509 329 454 462 822 468 858 455
"g11940" 217 166 211 294 180 252 199 257 461 287
"g11941" 88 38 36 103 71 32 51 48 115 126
"g11942" 961 642 917 592 871 547 1708 666 874 1195
"g11943" 6 2 7 6 7 4 0 2 1 4
"g11944" 86 88 68 73 64 91 107 74 187 69
"g11945" 1302 641 964 721 1178 1386 2288 1234 1589 1329
"g11946" 11 7 6 9 4 24 34 0 21 4
"g11947" 20 1 10 5 7 1 7 10 10 3
"g11948" 7805 4459 4232 5547 4307 5430 8881 4239 5493 7164
"g11949" 786 360 248 1216 468 325 871 388 1172 423
"g11950" 477 274 254 373 345 272 513 348 409 267
"g11951" 34 138 47 37 74 69 127 34 179 37
"g11952" 204 145 145 198 99 223 201 120 282 177
"g11953" 60 16 18 84 47 15 121 81 70 30
"g11954" 1202 946 737 864 829 932 1266 1178 1537 1311
"g11955" 4 1 0 1 0 0 1 0 3 0
"g11956" 565 445 478 301 562 489 576 434 963 665
"g11957" 141 90 188 114 198 158 183 163 115 64
"g11958" 221 182 139 77 188 129 102 77 170 229
"g11959" 30 57 3 18 8 11 52 12 36 48
"g11960" 6599 4269 5391 5042 5130 5140 8404 4881 8359 5739
"g11961" 2786 1561 2025 2163 1246 1892 2336 1349 2876 1666
"g11962" 174 90 148 18 78 239 303 111 263 22
"g11963" 6 2 1 4 0 3 7 2 3 3
"g11964" 0 3 6 4 2 5 1 1 11 3
"g11965" 10 7 3 20 3 7 46 22 8 3
"g11966" 5 2 1 2 4 8 1 1 0 7
"g11967" 48 100 126 117 104 177 160 95 127 90
"g11968" 18 0 3 16 12 16 16 0 0 3
"g11969" 36 2 3 11 16 0 29 8 50 0
"g11970" 97 59 76 124 153 42 141 189 191 65
"g11971" 520 306 282 241 261 230 425 226 335 351
"g11972" 49 41 53 33 30 35 86 43 62 50
"g11973" 26 0 1 4 2 1 0 7 4 0
"g11974" 64 207 225 200 128 116 348 121 181 251
"g11975" 238 269 131 146 376 177 306 210 375 252
"g11976" 1732 1149 1223 1560 1399 1113 1661 1752 1874 1438
"g11977" 24 16 4 15 5 4 33 5 21 10
"g11978" 707 446 396 501 531 744 540 568 458 701
"g11979" 1099 487 839 428 72 88 188 955 123 314
"g11980" 245 598 337 75 538 1295 339 0 957 331
"g11981" 1 6 10 14 10 13 5 9 10 2
"g11982" 9630 6232 6118 5814 8841 9875 8910 4788 10481 6871
"g11983" 2 1 5 4 3 0 3 1 4 2
"g11984" 64 13 97 34 58 40 11 36 72 38
"g11985" 1 3 4 0 0 2 9 9 5 0
"g11986" 2 3 12 12 1 7 36 36 2 1
"g11987" 426 297 392 575 293 395 401 407 417 492
"g11988" 232 223 259 484 313 293 246 192 249 280
"g11989" 3327 1408 1892 2305 3294 2200 3746 2464 4349 2072
"g11990" 32 29 42 16 14 33 38 18 76 74
"g11991" 0 2 3 10 0 4 0 1 0 0
"g11992" 336 292 312 413 421 547 557 455 450 299
"g11993" 2540 2530 3743 3583 1967 2283 3676 1193 2992 3006
"g11994" 5050 2279 1666 3453 3559 2649 3744 1868 2764 1579
"g11995" 1738 1480 1114 1857 1741 1392 1873 1321 2122 1744
"g11996" 48 28 39 26 39 18 45 45 57 32
"g11997" 18 2 19 19 25 9 18 28 56 39
"g11998" 91 105 71 144 70 61 101 38 153 119
"g11999" 353 130 124 100 312 134 274 163 343 281
"g12000" 505 372 272 419 259 256 604 583 372 243
"g12001" 111 109 200 193 104 194 173 158 120 296
"g12002" 3 30 2 9 11 4 27 5 8 12
"g12003" 79 67 62 18 33 67 66 62 71 46
"g12004" 36 16 25 47 18 38 20 21 30 19
"g12005" 635 479 186 530 489 530 1200 459 588 837
"g12006" 94 18 27 110 86 174 562 29 115 0
"g12007" 1046 739 1336 1901 1463 620 1407 1151 630 1491
"g12008" 175 74 148 238 55 124 221 171 129 192
"g12009" 2412 2865 5124 2817 2698 2751 1509 987 2616 1876
"g12010" 1 0 1 0 5 3 4 0 2 9
"g12011" 335 211 351 350 218 492 482 501 861 369
"g12012" 99 0 6 3 38 15 1 68 135 94
"g12013" 8 11 10 4 8 7 11 2 12 6
"g12014" 1 34 6 42 15 19 14 2 2 35
"g12015" 160 450 196 63 60 45 97 48 152 88
"g12016" 2038 1172 1101 1186 1811 2050 1718 1518 1453 1849
"g12017" 797 429 630 437 448 465 850 459 784 713
"g12018" 4123 1772 2722 2015 2963 2235 2814 2067 3226 3497
"g12019" 1095 615 799 754 925 570 1546 707 1628 902
"g12020" 1688 1224 1067 985 945 995 1262 1047 1117 835
"g12021" 2035 1728 1147 1047 1757 1062 1194 731 2750 2695
"g12022" 7 9 11 13 13 13 24 14 14 18
"g12023" 1021 465 804 566 849 526 842 734 471 804
"g12024" 37 68 72 57 98 47 71 50 64 39
"g12025" 12 21 8 5 24 11 24 15 9 10
"g12026" 691 494 497 387 316 510 797 482 773 518
"g12027" 45 14 33 39 76 26 47 33 43 79
"g12028" 232 165 167 189 270 230 234 278 325 233
"g12029" 119 84 23 39 113 60 119 30 26 55
"g12030" 903 811 816 1260 932 598 1574 2122 1933 1185
"g12031" 188 130 111 81 133 106 91 46 89 199
"g12032" 1198 1286 1333 967 1616 1277 1706 827 1906 1256
"g12033" 12 9 29 25 3 13 22 10 22 8
"g12034" 41 17 16 19 31 30 28 34 21 65
"g12035" 86 78 90 25 53 82 84 31 117 72
"g12036" 861 414 770 483 669 450 786 394 1290 758
"g12037" 20 26 15 6 20 11 27 5 34 11
"g12038" 182 566 447 602 244 240 353 171 812 966
"g12039" 5 1 2 3 1 1 8 3 3 3
"g12040" 188 53 112 96 72 82 277 69 63 98
"g12041" 504 292 292 194 261 178 265 335 434 156
"g12042" 11 11 27 11 11 9 58 15 17 10
"g12043" 1375 1351 1168 1203 846 822 2231 1319 2247 938
"g12044" 9 14 16 15 33 29 19 19 40 18
"g12045" 50 44 89 50 14 43 148 71 75 98
"g12046" 9 11 6 17 2 6 17 9 14 30
"g12047" 2323 1059 1364 1538 1137 665 1550 547 2404 1556
"g12048" 5425 1283 3439 2724 1716 3334 2546 3935 7334 2179
"g12049" 89 73 89 57 121 90 249 130 100 166
"g12050" 695 201 144 663 477 551 469 211 677 264
"g12051" 108 137 42 105 48 104 148 94 226 96
"g12052" 1252 364 149 105 230 168 202 1510 102 107
"g12053" 20 21 26 23 18 24 32 22 30 18
"g12054" 27 14 109 42 52 42 15 94 84 62
"g12055" 64 309 284 670 99 419 1167 332 293 315
"g12056" 4991 1790 2528 2686 3203 3477 5468 2868 3319 4258
"g12057" 153 93 187 95 79 165 304 169 313 187
"g12058" 12 13 12 5 18 18 16 5 23 28
"g12059" 1190 920 1041 1138 610 966 657 1117 1048 748
"g12060" 2366 732 3331 1305 2242 1628 3379 1291 2491 1739
"g12061" 453 422 950 380 276 448 554 561 721 378
"g12062" 17 39 26 0 32 19 1 2 0 16
"g12063" 30 30 95 30 52 62 47 25 153 125
"g12064" 38 3 0 28 5 12 2 5 6 3
"g12065" 1091 499 464 1091 584 805 845 599 1522 575
"g12066" 2247 1056 1806 1255 1685 1056 2165 992 2300 1459
"g12067" 747 120 3 400 170 765 118 33 0 43
"g12068" 1 13 0 0 1 0 0 0 64 16
"g12069" 38 9 34 25 13 30 58 18 54 21
"g12070" 321 252 205 126 187 113 389 151 281 174
"g12071" 0 2 0 22 4 0 3 9 0 1
"g12072" 223 253 149 180 241 163 179 227 470 197
"g12073" 5263 2686 3249 3514 3777 3106 5220 3563 3874 3721
"g12074" 2456 1657 1719 1879 2169 1916 4210 1899 2804 2354
"g12075" 171 113 131 104 62 109 130 176 117 117
"g12076" 1333 395 553 180 525 503 258 557 666 1008
"g12077" 53 51 33 43 25 53 58 38 48 37
"g12078" 28 23 17 17 41 28 27 18 64 19
"g12079" 17 61 22 30 68 1 111 11 49 5
"g12080" 1064 634 704 853 806 765 965 672 1024 812
"g12081" 10 2 12 1 3 12 15 10 1 13
"g12082" 88 103 296 224 131 170 320 252 328 253
"g12083" 97 29 40 22 99 104 65 45 180 64
"g12084" 2 0 0 7 6 3 6 2 6 0
"g12085" 1082 282 563 578 197 124 366 95 141 579
"g12086" 720 418 977 725 722 582 929 582 631 601
"g12087" 35 28 17 36 14 5 41 12 10 18
"g12088" 55 41 58 37 39 59 80 46 57 34
"g12089" 137 82 176 160 226 115 139 139 93 81
"g12090" 3802 1219 1540 2169 2140 2017 2998 1388 1364 3378
"g12091" 242 180 131 251 138 135 309 127 181 306
"g12092" 710 788 501 793 652 289 1387 629 477 756
"g12093" 1195 949 1135 661 1707 997 1657 837 1971 848
"g12094" 124 191 136 612 288 333 888 319 531 184
"g12095" 5 2 3 5 3 3 7 1 4 3
"g12096" 765 770 269 468 340 776 878 745 762 617
"g12097" 27 222 143 395 610 1062 276 755 165 279
"g12098" 246 392 346 155 283 285 1027 372 525 241
"g12099" 2610 2162 1554 1643 2140 1109 1897 1963 2300 1952
"g12100" 1130 647 707 491 744 534 951 635 975 568
"g12101" 20 17 8 15 36 15 32 17 29 10
"g12102" 414 53 308 102 175 225 130 282 202 258
"g12103" 4 32 24 27 8 19 53 19 22 6
"g12104" 1 11 7 14 24 7 10 11 36 0
"g12105" 38 25 17 46 30 24 38 24 66 37
"g12106" 284 201 220 241 196 199 228 195 418 236
"g12107" 303 231 79 144 206 181 125 154 205 169
"g12108" 1263 725 887 546 1207 866 1509 1247 1939 724
"g12109" 137 53 53 128 98 53 110 54 277 16
"g12110" 2 1 2 1 1 2 4 1 0 3
"g12111" 420 684 528 416 908 348 968 677 242 737
"g12112" 984 973 1412 992 1144 731 1909 1289 1525 1496
"g12113" 0 1 4 1 3 1 4 3 7 3
"g12114" 20 12 22 21 15 5 29 28 21 6
"g12115" 11 5 3 3 10 5 11 3 8 5
"g12116" 14 4 7 6 7 5 4 6 5 6
"g12117" 0 1 0 8 2 7 3 2 2 0
"g12118" 2 1 5 6 0 3 6 0 0 2
"g12119" 3 2 1 1 2 1 3 1 2 4
"g12120" 1 0 22 0 0 0 4 1 0 1
"g12121" 26 22 27 40 26 18 55 51 33 61
"g12122" 186 73 105 205 105 149 65 119 172 82
"g12123" 1119 861 691 688 886 737 1269 844 1020 813
"g12124" 2 3 1 7 0 1 1 4 0 0
"g12125" 3890 2858 1543 2309 2491 2435 3207 2614 3207 2838
"g12126" 4 3 5 24 15 12 1 7 10 14
"g12127" 1762 737 1550 2438 1733 1699 2110 1197 3214 1976
"g12128" 2352 1758 1915 1555 1913 1905 2326 2099 1899 2291
"g12129" 97 0 18 23 73 9 70 54 24 36
"g12130" 1121 1188 1224 342 1370 1036 1155 950 2299 1027
"g12131" 23 10 6 3 7 26 20 9 8 14
"g12132" 20 30 60 64 64 26 0 100 43 99
"g12133" 268 214 138 114 340 363 211 128 251 224
"g12134" 506 272 429 299 338 133 542 317 598 457
"g12135" 24 8 22 32 17 20 18 16 37 32
"g12136" 31 56 86 46 130 27 61 67 11 40
"g12137" 34 2 8 24 6 26 28 16 31 55
"g12138" 7464 7926 4681 6871 9270 5343 7743 8830 7643 7711
"g12139" 870 680 680 877 364 578 1206 882 1111 1023
"g12140" 16 4 8 10 24 19 10 0 42 18
"g12141" 9 9 11 2 15 12 14 13 19 16
"g12142" 66 61 48 31 27 24 17 38 91 36
"g12143" 519 427 443 425 610 564 812 740 764 451
"g12144" 123 6 68 1 9 1 2 26 1 1
"g12145" 20 7 7 22 5 14 13 8 10 1
"g12146" 0 1 2 6 25 53 50 6 37 22
"g12147" 186 122 248 225 280 89 233 88 109 243
"g12148" 820 550 746 345 710 492 1171 619 725 1162
"g12149" 49 24 40 30 27 13 63 22 23 14
"g12150" 1181 1534 1411 1185 1095 1980 1620 1183 2729 972
"g12151" 677 826 582 697 627 750 714 434 1188 568
"g12152" 6 2 13 1 54 40 65 189 146 32
"g12153" 71 2 0 6 7 3 123 2 87 2
"g12154" 7 0 7 9 24 4 9 10 35 29
"g12155" 0 0 0 0 7 0 0 4 1 1
"g12156" 288 256 212 285 571 121 219 345 428 299
"g12157" 104 58 71 30 60 41 97 47 87 31
"g12158" 41 74 217 55 34 189 436 42 7 14
"g12159" 21 7 8 11 12 4 19 3 4 12
"g12160" 6120 1950 2753 2380 2802 2747 2891 1729 3698 3961
"g12161" 118 53 72 96 192 87 52 89 129 57
"g12162" 56 21 116 33 75 149 125 153 74 393
"g12163" 1 9 0 5 0 2 9 1 9 3
"g12164" 329 225 356 151 264 229 341 352 331 318
"g12165" 223 342 295 412 321 382 940 408 287 182
"g12166" 11 5 4 0 6 3 0 12 3 7
"g12167" 307 249 285 290 350 207 723 714 562 219
"g12168" 32 102 103 37 20 106 22 37 6 87
"g12169" 114 197 131 261 162 108 177 170 683 163
"g12170" 6 10 8 21 19 33 19 8 19 32
"g12171" 665 411 532 473 748 428 455 555 950 1004
"g12172" 631 627 955 539 735 309 456 425 607 416
"g12173" 0 0 0 0 1 0 9 0 1 1
"g12174" 21 75 57 124 26 55 34 25 77 66
"g12175" 3 5 7 5 1 5 0 6 0 0
"g12176" 221 196 204 118 252 55 172 50 252 115
"g12177" 17 8 11 16 17 15 27 11 17 16
"g12178" 2925 1769 1057 2048 1653 3088 3202 2437 3078 2134
"g12179" 483 169 135 314 177 304 325 279 268 194
"g12180" 1211 291 322 352 242 216 492 461 508 710
"g12181" 26 4 0 3 2 1 1 4 6 1
"g12182" 1523 978 1363 975 1060 640 1909 1200 1399 975
"g12183" 5 0 0 0 1 4 1 1 1 3
"g12184" 14 12 13 14 7 2 6 7 20 14
"g12185" 2 0 9 0 0 0 3 13 0 0
"g12186" 305 174 225 206 298 253 256 155 282 235
"g12187" 1000 583 1052 582 585 781 1205 610 816 834
"g12188" 43 35 45 39 46 20 42 82 129 20
"g12189" 1831 909 1222 938 1369 1055 1473 1263 1801 1133
"g12190" 30 9 15 24 10 14 20 16 41 11
"g12191" 7 3 13 18 9 8 15 19 43 7
"g12192" 451 398 412 153 193 119 381 354 493 335
"g12193" 712 650 873 229 893 544 1099 444 585 997
"g12194" 903 588 472 651 678 367 692 790 757 561
"g12195" 11 2 15 14 24 2 20 23 8 9
"g12196" 11 9 2 4 3 2 16 4 5 1
"g12197" 570 319 424 404 417 459 639 429 537 793
"g12198" 18 2 4 0 0 3 8 3 0 9
"g12199" 4878 2321 763 3339 2688 4246 4092 3960 3395 4958
"g12200" 684 437 496 495 242 430 737 579 971 418
"g12201" 82 28 53 41 65 26 57 58 174 68
"g12202" 97 225 223 300 213 135 592 163 143 168
"g12203" 170 176 25 220 45 172 190 11 111 28
"g12204" 155 109 137 208 281 302 205 114 99 252
"g12205" 31 18 7 6 30 3 7 3 3 3
"g12206" 1030 425 639 300 159 844 967 829 602 1160
"g12207" 90 72 69 78 88 115 100 67 121 81
"g12208" 946 1524 1368 575 1132 907 1586 166 356 850
"g12209" 28 16 8 12 13 8 26 27 36 8
"g12210" 524 597 314 851 671 237 404 428 710 304
"g12211" 1 11 3 2 7 13 12 1 13 0
"g12212" 897 930 1279 796 692 661 910 1038 1335 1139
"g12213" 32 4 24 115 2 0 1 5 0 2
"g12214" 3 3 4 6 0 6 0 2 8 2
"g12215" 711 38 309 204 612 55 511 895 253 336
"g12216" 1384 538 688 577 743 1448 1036 395 837 874
"g12217" 2 8 28 0 0 5 10 2 68 10
"g12218" 519 161 265 208 306 202 394 166 617 403
"g12219" 852 422 446 646 571 587 786 605 640 1015
"g12220" 713 476 768 587 441 728 666 456 739 688
"g12221" 4 6 1 4 4 8 9 3 2 4
"g12222" 1404 1695 1364 1014 1901 2021 4670 1313 5607 1669
"g12223" 466 298 445 531 371 490 691 456 265 525
"g12224" 1094 3070 1956 1174 1701 936 435 1493 1705 2435
"g12225" 135 187 194 134 147 273 319 148 220 166
"g12226" 43 69 36 56 74 61 83 57 56 59
"g12227" 212 250 150 157 186 135 233 171 174 271
"g12228" 3 1 3 1 1 2 2 0 2 5
"g12229" 147 117 128 93 50 180 162 26 31 109
"g12230" 1617 909 2054 738 1124 920 2949 1042 1663 2020
"g12231" 542 372 363 470 462 404 629 383 534 424
"g12232" 3046 1034 821 1428 1357 2105 2073 2493 2708 1919
"g12233" 187 170 116 86 70 109 180 137 174 125
"g12234" 6 5 17 0 4 2 1 10 33 4
"g12235" 41 0 9 23 10 2 1 7 3 0
"g12236" 441 452 924 646 555 616 449 505 408 514
"g12237" 163 93 149 77 234 162 89 79 224 171
"g12238" 31 2 6 17 3 14 15 18 16 38
"g12239" 1623 1510 1540 1436 1986 1979 5004 1512 3667 1323
"g12240" 1748 1286 1482 950 1554 1646 2154 1230 2076 1360
"g12241" 1483 1280 1208 1550 1705 1821 2318 2284 2663 3187
"g12242" 10 0 3 0 0 0 6 0 1 0
"g12243" 49 99 36 57 79 38 74 54 38 68
"g12244" 151 104 92 49 38 115 24 194 79 12
"g12245" 854 844 2409 933 1903 2571 2324 1158 1114 1160
"g12246" 5 1 0 2 7 2 7 7 3 8
"g12247" 50 56 59 33 42 47 128 33 75 95
"g12248" 237 84 223 131 227 175 426 138 166 126
"g12249" 19 13 9 16 26 7 11 8 31 16
"g12250" 544 274 186 321 516 334 409 254 330 485
"g12251" 445 295 348 449 430 389 379 509 473 457
"g12252" 310 470 436 645 511 552 611 348 928 373
"g12253" 17 12 23 16 23 23 12 18 14 10
"g12254" 47 7 10 4 47 6 65 6 5 7
"g12255" 4735 3447 3790 4013 3564 4673 5351 3276 7575 4815
"g12256" 2 0 17 7 1 21 0 6 127 65
"g12257" 380 68 35 59 39 120 498 183 255 555
"g12258" 17 25 20 22 7 29 31 19 44 24
"g12259" 882 499 534 514 505 523 920 751 1022 548
"g12260" 362 350 365 403 111 635 126 297 676 52
"g12261" 224 163 228 162 175 146 266 147 265 230
"g12262" 69 65 326 271 236 449 91 16 544 116
"g12263" 1716 842 1122 1827 506 1169 2068 1530 1316 864
"g12264" 144 96 133 124 60 98 268 145 204 135
"g12265" 164 122 222 201 130 158 169 207 198 167
"g12266" 175 80 54 106 87 82 223 125 182 120
"g12267" 59 96 75 84 82 102 151 81 58 106
"g12268" 1606 884 1100 768 1382 970 1551 1556 1710 1176
"g12269" 49 17 21 11 37 41 97 34 54 21
"g12270" 7327 3165 2004 3952 2117 2888 1779 2526 3053 2625
"g12271" 43 26 30 30 19 7 22 17 65 14
"g12272" 20 17 7 1 4 30 13 17 9 2
"g12273" 0 0 0 0 0 0 2 1 1 0
"g12274" 6866 2747 2153 3600 5492 4386 3182 3246 5257 4136
"g12275" 539 269 146 176 305 317 308 252 388 217
"g12276" 931 646 476 745 635 400 928 575 793 738
"g12277" 309 14 128 33 83 350 902 88 280 237
"g12278" 14 8 1 8 5 2 12 3 10 6
"g12279" 864 747 702 610 788 430 1207 572 765 740
"g12280" 145 56 39 49 54 41 454 102 313 83
"g12281" 3 3 0 2 6 1 1 1 0 5
"g12282" 123 55 196 164 18 49 135 15 365 293
"g12283" 39 47 6 27 7 41 67 0 80 0
"g12284" 235 286 265 171 185 411 338 239 391 281
"g12285" 963 696 795 534 801 612 1164 813 702 872
"g12286" 1762 918 1245 1013 647 1083 1415 987 776 1864
"g12287" 2986 1852 1866 1884 1671 1316 3837 2772 2199 1482
"g12288" 186 318 179 127 251 195 66 277 454 410
"g12289" 5413 2810 3241 3626 2947 3436 5159 3084 2793 3718
"g12290" 39 53 22 58 32 43 38 149 86 39
"g12291" 70 46 53 55 47 73 55 64 94 74
"g12292" 227 39 33 164 72 32 29 191 82 2
"g12293" 3 4 1 3 1 3 0 3 3 2
"g12294" 613 113 150 282 410 192 538 105 94 461
"g12295" 70 62 21 110 91 54 63 85 51 52
"g12296" 23 43 94 605 214 272 246 104 164 58
"g12297" 21 5 0 6 3 0 0 7 0 28
"g12298" 337 207 225 272 227 210 261 159 406 348
"g12299" 6 1 1 4 2 1 4 4 3 1
"g12300" 523 212 448 297 433 145 436 240 303 356
"g12301" 973 309 362 596 885 575 301 128 622 690
"g12302" 48 25 23 42 39 26 52 21 60 46
"g12303" 9 0 9 8 10 11 15 5 0 0
"g12304" 2 9 4 1 2 2 0 0 9 11
"g12305" 37 36 24 28 21 33 54 27 28 38
"g12306" 7 21 6 36 7 5 13 4 19 17
"g12307" 175 184 148 226 242 181 478 251 402 194
"g12308" 34 33 16 17 32 35 36 26 35 19
"g12309" 694 528 304 507 688 497 781 380 643 430
"g12310" 80 34 71 113 141 50 102 47 83 99
"g12311" 51 17 16 23 78 34 37 40 57 29
"g12312" 192 172 108 547 146 276 333 218 287 223
"g12313" 1192 733 677 687 1073 1024 1032 901 1661 1015
"g12314" 695 568 463 384 462 413 956 412 794 514
"g12315" 7 9 10 4 3 1 13 16 4 25
"g12316" 15 12 30 5 10 6 23 27 10 5
"g12317" 7 2 22 12 8 14 19 10 18 1
"g12318" 3 2 1 1 2 38 18 6 0 20
"g12319" 181 285 45 14 31 168 438 115 104 44
"g12320" 11233 8960 7601 9010 12826 13246 18031 17606 14064 9962
"g12321" 0 2 3 1 2 2 3 3 1 2
"g12322" 705 555 1023 595 515 370 729 601 741 890
"g12323" 1 8 12 37 7 12 9 21 76 6
"g12324" 350 324 300 676 650 338 1010 304 786 365
"g12325" 977 1188 810 944 630 444 1555 1115 907 1867
"g12326" 264 361 233 343 1027 911 1035 398 539 236
"g12327" 27 7 16 8 2 14 16 13 4 16
"g12328" 380 286 362 229 359 212 349 277 312 423
"g12329" 93 118 76 175 67 107 146 96 77 78
"g12330" 94 71 79 92 65 50 126 52 82 17
"g12331" 45 70 24 54 44 17 88 39 23 62
"g12332" 33 25 27 24 25 23 28 11 36 7
"g12333" 17630 10821 24277 10140 14379 13086 35559 4065 8088 9734
"g12334" 304 150 306 180 179 91 394 254 216 147
"g12335" 0 1 0 0 4 3 3 0 0 0
"g12336" 3 9 5 1 1 5 0 8 1 0
"g12337" 41 17 53 18 25 35 20 56 21 78
"g12338" 129 49 100 66 65 122 133 101 115 89
"g12339" 2886 719 1082 2129 1328 2190 3344 1460 3913 3115
"g12340" 3220 1594 1811 1232 1276 1051 1490 1880 2149 3347
"g12341" 635 1139 889 1128 1084 902 1518 698 2462 1382
"g12342" 427 443 245 665 594 466 984 410 903 333
"g12343" 736 1098 818 1499 911 889 1448 1172 1233 727
"g12344" 35 40 82 9 122 170 516 161 154 195
"g12345" 2713 1059 2234 1653 2140 1574 3241 915 1401 2763
"g12346" 3765 2987 1445 4100 3412 2687 5007 1968 4387 2155
"g12347" 53 62 21 57 63 38 160 52 68 97
"g12348" 78 28 12 22 35 14 51 22 23 39
"g12349" 111 77 70 62 107 65 88 37 156 95
"g12350" 3 1 0 4 2 4 4 0 3 1
"g12351" 63 69 49 81 64 27 129 61 106 103
"g12352" 376 203 289 487 509 393 824 468 559 361
"g12353" 5174 3335 3256 4192 2908 3844 5411 2322 4468 3267
"g12354" 2150 741 2065 4919 514 1754 6200 1992 9896 5669
"g12355" 1563 752 1173 1268 1261 1478 1769 958 2101 1715
"g12356" 0 0 0 0 0 0 0 0 10 1
"g12357" 816 413 1217 440 806 914 796 467 1284 226
"g12358" 213 103 76 192 322 209 153 206 157 270
"g12359" 22 20 36 50 41 63 65 30 92 63
"g12360" 202 107 216 159 136 121 171 129 162 134
"g12361" 7 18 2 2 13 3 7 20 0 13
"g12362" 63 81 72 47 102 64 75 165 120 61
"g12363" 7 0 5 3 1 0 6 4 11 4
"g12364" 275 533 484 333 817 487 569 329 984 443
"g12365" 18 15 10 20 19 9 29 13 24 12
"g12366" 84 1 2 1 22 69 0 1 0 9
"g12367" 784 360 542 432 514 477 611 366 750 603
"g12368" 4421 2567 1949 2256 2256 1538 2737 2563 3656 2228
"g12369" 1 0 0 3 2 0 3 3 4 2
"g12370" 496 424 284 399 435 347 583 226 667 546
"g12371" 4 5 1 12 4 2 3 5 3 8
"g12372" 25 8 22 16 19 16 24 6 23 11
"g12373" 1148 769 1303 864 630 1353 2086 688 992 737
"g12374" 25 16 17 21 45 49 33 21 35 54
"g12375" 200 52 61 65 93 181 81 87 89 66
"g12376" 263 202 116 268 131 129 395 254 411 315
"g12377" 41 11 31 19 44 1 17 120 1 3
"g12378" 14 1 1 0 0 15 3 0 16 0
"g12379" 540 362 413 394 364 426 299 504 488 403
"g12380" 26 71 126 139 22 30 47 98 19 21
"g12381" 1024 525 964 785 1053 1059 1916 889 1735 1794
"g12382" 15 18 45 18 14 273 8 87 309 534
"g12383" 3507 1900 2002 915 1804 1677 2024 1618 957 2106
"g12384" 8 25 19 28 10 5 21 8 14 23
"g12385" 743 249 297 299 535 341 543 344 708 550
"g12386" 307 107 238 361 346 466 387 260 362 341
"g12387" 33 5 9 7 6 3 17 16 48 18
"g12388" 2 7 1 16 4 0 8 14 11 9
"g12389" 28 6 5 13 4 11 73 2 61 16
"g12390" 68 53 94 76 62 66 103 41 64 163
"g12391" 40 30 25 46 34 29 77 32 39 44
"g12392" 212 1956 1006 596 616 3007 2810 1110 872 822
"g12393" 10 27 37 15 24 28 61 14 140 24
"g12394" 1 36 1 2 40 0 4 5 0 29
"g12395" 3 2 1 0 0 0 0 0 1 1
"g12396" 123 61 102 60 41 58 152 48 71 113
"g12397" 7 10 3 3 4 7 14 2 3 5
"g12398" 1135 1003 1145 869 1018 843 1395 794 1167 937
"g12399" 20 20 32 47 21 24 36 11 70 27
"g12400" 1404 517 630 1061 616 1056 1335 838 1788 1902
"g12401" 66 103 53 25 64 64 173 47 139 53
"g12402" 1040 967 642 1042 1078 563 1148 487 934 818
"g12403" 438 63 53 31 98 26 70 46 121 6
"g12404" 7868 4561 2732 4903 5538 5127 8998 5872 5328 3907
"g12405" 638 276 421 468 489 336 434 591 1148 632
"g12406" 3124 5861 5360 4328 1878 5088 8783 5685 12255 7497
"g12407" 283 457 109 176 200 254 363 226 245 233
"g12408" 3806 2390 1397 3722 2982 3073 4446 3270 3583 3647
"g12409" 43 37 30 18 45 37 24 51 36 13
"g12410" 20 11 13 29 12 15 42 4 26 14
"g12411" 310 165 228 172 190 272 353 186 644 453
"g12412" 10 33 0 43 17 5 5 7 46 7
"g12413" 324 226 295 160 168 179 372 210 223 269
"g12414" 2805 1407 1979 2510 2701 2416 2512 2096 2443 1925
"g12415" 205 334 296 343 162 138 408 141 410 257
"g12416" 150 11 24 50 10 43 34 15 28 10
"g12417" 37 19 24 22 26 27 27 29 23 37
"g12418" 1 2 1 4 4 1 1 8 3 7
"g12419" 593 661 541 623 542 499 736 310 758 743
"g12420" 1102 389 886 411 727 418 582 777 746 503
"g12421" 3 7 0 1 12 11 13 0 3 0
"g12422" 355 131 187 202 170 187 538 128 149 233
"g12423" 395 173 346 171 517 309 860 491 609 312
"g12424" 886 2124 1575 593 1336 2766 537 1210 2332 896
"g12425" 9 1 12 6 3 2 13 0 7 9
"g12426" 103 76 119 108 53 107 72 60 156 75
"g12427" 182 87 130 34 54 9 107 98 236 206
"g12428" 1282 663 529 906 880 789 1179 793 1360 948
"g12429" 2444 1210 1285 952 967 1472 2198 1032 2138 1453
"g12430" 736 756 649 622 263 512 951 617 534 649
"g12431" 0 0 0 0 0 7 6 0 7 3
"g12432" 114 7 73 15 77 336 198 213 94 156
"g12433" 367 519 519 214 900 1153 728 554 779 1111
"g12434" 1160 301 1299 1054 1174 1713 1439 951 558 2187
"g12435" 620 420 286 484 609 420 745 560 723 357
"g12436" 499 645 579 718 915 506 602 685 1067 968
"g12437" 33 40 31 56 43 50 93 43 59 12
"g12438" 633 103 735 990 397 118 968 281 660 666
"g12439" 64 116 221 199 160 82 234 113 260 557
"g12440" 744 793 1234 970 1152 441 706 528 551 726
"g12441" 14429 8105 3819 8912 5896 7846 8428 5954 14774 10188
"g12442" 62 70 8 63 84 37 43 16 40 65
"g12443" 1893 1187 1570 2239 2679 1522 1789 1460 2701 1170
"g12444" 31738 31952 16693 46866 56081 20882 16022 27357 84093 45859
"g12445" 320 343 411 279 378 294 471 282 323 240
"g12446" 26 14 24 24 41 41 15 11 47 24
"g12447" 589 340 50 332 179 325 352 228 532 159
"g12448" 1317 250 1212 1449 1373 1471 519 1323 5126 1325
"g12449" 104 43 97 68 89 68 94 71 166 84
"g12450" 131 37 70 73 28 49 143 84 77 65
"g12451" 9080 5557 11032 9634 8009 5918 13983 7371 13768 7021
"g12452" 3 2 3 4 0 5 8 5 6 2
"g12453" 13 26 69 41 63 44 93 33 82 22
"g12454" 60 13 24 14 13 47 19 14 21 53
"g12455" 101 80 146 197 246 213 395 234 291 297
"g12456" 3070 1260 1216 1057 2013 3231 2232 1109 2376 1644
"g12457" 11 3 5 13 10 12 11 8 9 12
"g12458" 22 15 20 13 27 19 22 22 15 23
"g12459" 8 6 0 0 0 9 4 2 17 1
"g12460" 26 8 17 14 7 24 15 9 14 10
"g12461" 313 237 329 289 402 350 400 408 423 499
"g12462" 297 153 260 154 108 142 178 192 241 310
"g12463" 1993 1243 1074 2035 1284 1497 2248 1257 1551 1158
"g12464" 0 5 2 3 0 0 11 0 0 2
"g12465" 6 0 2 0 2 0 2 1 11 2
"g12466" 116 30 40 44 50 66 86 51 81 82
"g12467" 765 773 718 812 1277 997 1319 850 1099 1368
"g12468" 141 55 93 147 80 67 261 136 191 117
"g12469" 743 129 162 211 191 66 235 118 377 24
"g12470" 6 36 85 63 3 6 287 181 53 8
"g12471" 23 27 32 16 35 28 8 14 109 10
"g12472" 1807 2016 1659 1518 2020 1139 2300 2188 2472 1671
"g12473" 23 13 21 9 3 17 26 8 11 13
"g12474" 2583 1333 1469 1800 1749 1724 1899 949 2542 1604
"g12475" 52 53 52 44 93 89 76 57 53 46
"g12476" 12 5 7 12 3 11 5 2 3 2
"g12477" 4 0 0 1 1 3 8 1 1 0
"g12478" 24 31 21 17 8 29 74 46 14 34
"g12479" 303 224 394 325 227 284 822 347 486 251
"g12480" 2343 3558 2119 3476 3296 6150 4247 3722 3739 3873
"g12481" 30 29 23 7 8 21 29 26 32 32
"g12482" 2 3 1 0 1 1 0 0 4 1
"g12483" 3 4 4 1 6 3 8 5 2 0
"g12484" 523 377 257 308 352 169 565 260 619 468
"g12485" 222 230 242 230 696 202 354 540 426 454
"g12486" 295 229 223 313 240 182 413 237 294 332
"g12487" 15 42 10 102 20 201 79 49 4 181
"g12488" 4 2 3 2 4 1 2 3 0 4
"g12489" 201 126 191 214 220 153 218 200 311 279
"g12490" 2 3 0 1 1 2 2 3 3 2
"g12491" 13 12 7 15 7 11 12 13 24 12
"g12492" 279 117 110 118 27 84 246 20 217 133
"g12493" 13 0 26 10 25 16 45 15 24 18
"g12494" 22 23 23 25 18 17 38 29 33 29
"g12495" 217 492 569 310 641 682 1237 648 1073 877
"g12496" 28 36 21 39 43 26 13 4 12 13
"g12497" 1701 1162 894 1202 1715 1042 1892 1189 1795 1758
"g12498" 371 214 234 273 341 386 425 262 423 236
"g12499" 55 31 16 24 32 39 30 20 76 63
"g12500" 215 480 390 355 90 135 456 220 619 305
"g12501" 125 80 156 149 75 107 184 88 89 128
"g12502" 10211 6150 10469 9311 9981 6639 15676 10989 13948 10135
"g12503" 36 30 37 33 24 36 69 46 41 29
"g12504" 85 14 76 64 10 6 46 46 37 57
"g12505" 83 47 68 72 41 47 117 91 83 72
"g12506" 1 0 2 0 4 6 2 0 6 3
"g12507" 1 2 2 13 1 1 7 3 4 9
"g12508" 218 119 82 18 108 143 20 207 93 35
"g12509" 47 56 53 44 23 23 39 32 111 77
"g12510" 3 4 4 0 0 0 0 5 4 0
"g12511" 10 15 12 4 29 30 30 5 37 13
"g12512" 122 151 86 76 79 98 74 70 92 59
"g12513" 7 14 12 6 18 31 7 19 0 12
"g12514" 2 6 3 1 0 10 4 1 3 0
"g12515" 143 103 122 164 81 166 350 128 120 108
"g12516" 1162 1108 1416 1589 947 867 1309 822 1517 1010
"g12517" 259 303 500 211 201 260 498 678 561 56
"g12518" 182 92 38 89 70 117 113 91 125 110
"g12519" 281 140 156 233 261 303 197 118 200 196
"g12520" 226 195 209 316 308 345 800 250 248 294
"g12521" 93 119 115 72 82 43 98 140 274 53
"g12522" 1221 859 1056 804 1114 938 1587 1206 1322 652
"g12523" 2211 1950 1299 983 1008 840 2884 1560 1952 1761
"g12524" 151 85 94 135 89 64 49 93 110 31
"g12525" 96 677 319 358 111 265 268 320 206 620
"g12526" 11 11 9 5 26 2 2 6 16 0
"g12527" 722 1025 1498 1104 1005 536 1089 879 1008 970
"g12528" 35 12 29 23 26 38 65 34 73 34
"g12529" 76 80 81 73 68 47 115 71 72 93
"g12530" 61 26 26 35 39 53 89 26 61 36
"g12531" 26 38 18 16 17 46 20 50 39 50
"g12532" 533 258 270 235 210 158 537 113 584 237
"g12533" 11 4 9 12 0 18 10 8 13 17
"g12534" 4 1 1 4 4 2 0 0 6 4
"g12535" 1604 1081 2341 1802 1484 2439 2385 1129 2370 3390
"g12536" 2232 1482 1324 1518 1018 1876 1383 2465 3160 1901
"g12537" 7 10 9 6 10 4 17 27 22 20
"g12538" 1408 795 1121 1178 1004 1059 1309 916 1396 813
"g12539" 103 42 77 385 114 308 359 20 161 295
"g12540" 774 445 750 793 863 676 1027 540 844 895
"g12541" 3 1 3 4 6 2 4 2 0 2
"g12542" 30 7 10 20 4 9 29 9 15 17
"g12543" 62 39 0 5 41 1 1 3 28 43
"g12544" 1891 2012 1665 2381 2247 1874 1855 1206 2211 2022
"g12545" 578 292 484 760 299 372 1136 418 1207 288
"g12546" 1320 1180 1452 1163 1289 1911 1770 1094 1679 1095
"g12547" 454 222 81 336 211 176 772 265 319 234
"g12548" 218 90 176 127 70 133 160 127 336 87
"g12549" 1685 1417 1229 1171 1241 1625 2464 1504 1756 2386
"g12550" 297 67 215 111 156 447 291 258 162 235
"g12551" 799 395 457 327 434 535 624 465 498 420
"g12552" 64 41 59 41 46 63 80 38 71 67
"g12553" 4812 4119 5383 4509 2223 1605 2960 3910 3482 5266
"g12554" 2628 2190 2617 2642 2661 2682 3432 1799 2878 2406
"g12555" 1083 529 722 399 672 472 437 576 1011 369
"g12556" 2 4 0 2 0 0 2 1 3 2
"g12557" 2 8 26 34 10 19 13 12 61 6
"g12558" 966 672 974 317 583 1017 1367 534 1446 1106
"g12559" 2541 1418 1970 1226 566 1142 673 837 812 1794
"g12560" 8 0 0 1 9 0 0 0 0 0
"g12561" 13 0 0 15 6 15 21 2 7 13
"g12562" 17406 5537 11750 19301 10078 22407 28413 15603 38663 23917
"g12563" 44 22 14 31 31 21 32 18 22 21
"g12564" 118 61 74 92 32 35 322 274 110 75
"g12565" 840 754 1120 744 1099 732 457 664 1563 682
"g12566" 50 14 12 14 27 16 30 9 26 37
"g12567" 2892 1655 2796 3192 2137 2233 2706 1759 2699 2844
"g12568" 806 354 724 991 651 521 149 256 156 72
"g12569" 513 271 356 544 449 361 593 401 435 450
"g12570" 1240 505 1021 449 525 357 438 602 726 525
"g12571" 6068 4098 2742 4650 2992 1857 6855 2747 5065 3965
"g12572" 61 52 33 56 43 83 95 74 66 62
"g12573" 2 1 5 2 0 3 6 0 3 0
"g12574" 317 290 272 316 454 255 541 344 613 421
"g12575" 100 152 51 33 21 19 257 99 73 90
"g12576" 2 0 4 2 1 3 2 0 3 0
"g12577" 163 0 18 32 5 88 52 40 109 152
"g12578" 41 102 44 60 71 45 93 73 64 55
"g12579" 7 25 20 31 42 19 14 21 50 35
"g12580" 3 1 2 1 0 3 0 1 6 0
"g12581" 5 7 3 7 2 11 5 0 5 10
"g12582" 1272 774 1355 1231 1075 1347 1248 918 1465 975
"g12583" 3 0 6 8 5 5 3 8 14 7
"g12584" 6 11 12 11 4 12 16 9 15 12
"g12585" 85 85 131 89 59 53 214 73 176 31
"g12586" 245 51 30 46 78 41 194 134 136 139
"g12587" 5 14 9 2 6 10 9 11 8 0
"g12588" 9 22 12 19 28 31 7 8 16 11
"g12589" 1323 1112 518 703 478 543 967 568 1059 1044
"g12590" 6 6 3 5 5 2 15 1 6 3
"g12591" 9 5 25 6 2 12 7 7 12 12
"g12592" 110 27 56 46 36 52 123 40 76 68
"g12593" 240 120 112 129 159 163 185 123 218 89
"g12594" 4 10 19 12 8 8 11 4 8 13
"g12595" 0 0 10 0 2 0 0 3 0 0
"g12596" 17 12 26 10 18 13 17 15 76 4
"g12597" 255 271 154 252 231 162 210 114 211 175
"g12598" 5 6 1 5 2 1 3 9 2 0
"g12599" 1272 5225 1677 2227 944 1752 1974 2812 2931 4351
"g12600" 162 93 97 101 75 120 109 68 164 124
"g12601" 50 46 192 13 363 264 139 268 261 273
"g12602" 4 13 6 3 1 4 11 2 3 1
"g12603" 1064 1202 1281 703 691 1042 1961 395 564 307
"g12604" 139 80 76 58 48 81 135 84 138 84
"g12605" 37 30 6 24 25 12 23 20 15 11
"g12606" 506 379 454 882 611 958 900 775 535 549
"g12607" 555 361 403 621 430 948 362 473 950 512
"g12608" 7 0 0 2 3 3 3 0 2 1
"g12609" 26 117 67 63 54 54 14 7 32 4
"g12610" 496 1055 229 906 274 729 451 423 1091 1426
"g12611" 17 16 3 10 10 18 10 11 21 6
"g12612" 0 1 0 1 0 2 2 1 0 0
"g12613" 0 0 2 5 1 2 1 2 2 1
"g12614" 392 170 614 599 300 595 609 292 331 517
"g12615" 32 64 26 61 46 39 56 43 51 18
"g12616" 171 156 149 117 135 157 291 321 276 288
"g12617" 2435 776 1731 1459 524 785 1389 1204 1208 497
"g12618" 0 2 4 7 2 13 3 7 0 0
"g12619" 5 3 2 2 1 2 1 6 7 5
"g12620" 708 611 492 1450 543 572 1050 490 829 640
"g12621" 2 0 9 14 12 6 6 8 14 12
"g12622" 2 1 12 0 2 1 1 0 2 1
"g12623" 4132 2594 2701 3671 3443 3817 3853 3280 3293 3851
"g12624" 13 5 15 14 10 9 13 18 22 10
"g12625" 0 0 2 0 6 0 9 5 21 0
"g12626" 322 258 306 9 489 262 364 70 1337 192
"g12627" 0 2 1 1 3 0 2 2 1 0
"g12628" 2144 1429 1142 901 1391 1765 1520 1044 1445 1377
"g12629" 173 33 61 39 81 32 111 81 70 41
"g12630" 60 45 54 80 69 97 95 59 45 44
"g12631" 8 5 9 4 4 5 8 7 13 10
"g12632" 10 5 1 11 6 25 21 5 10 16
"g12633" 1110 950 1338 1357 1539 994 1841 890 890 1840
"g12634" 835 778 733 513 741 775 806 676 1054 971
"g12635" 317 60 113 275 179 88 221 50 287 202
"g12636" 1608 1207 703 1418 1355 1144 1870 631 1287 1453
"g12637" 193 96 298 49 222 306 192 84 396 213
"g12638" 2 11 0 1 5 4 1 0 119 4
"g12639" 425 264 485 368 363 226 364 310 674 378
"g12640" 144 233 199 133 223 225 307 176 201 238
"g12641" 302 160 233 184 348 228 471 365 477 521
"g12642" 1943 1943 2423 1579 2596 1842 3110 2658 3728 2453
"g12643" 3544 1968 3897 3062 1773 2066 3253 1564 2944 3458
"g12644" 5 5 3 3 3 4 3 3 5 6
"g12645" 1838 1235 1055 1154 1278 1176 2758 858 1600 1351
"g12646" 1106 1167 419 463 1057 1686 2211 1115 1644 826
"g12647" 18 0 0 0 0 0 4 1 0 0
"g12648" 23 29 32 30 12 40 37 13 41 28
"g12649" 634 256 309 425 350 673 1183 109 558 956
"g12650" 4019 1791 1215 2111 5786 7588 5977 5327 7277 2309
"g12651" 18 24 45 89 30 48 63 35 131 75
"g12652" 1019 260 429 88 988 85 601 21 385 66
"g12653" 934 651 493 971 771 435 816 619 1692 636
"g12654" 660 264 488 564 424 597 859 448 1185 502
"g12655" 9 9 12 9 5 8 13 21 20 10
"g12656" 78 38 75 34 50 48 52 49 83 71
"g12657" 2148 1219 1672 1112 1948 1423 2485 1722 3013 1662
"g12658" 41 24 21 49 46 42 52 30 69 70
"g12659" 1 0 6 1 3 3 2 1 0 8
"g12660" 56 51 31 12 6 17 35 9 14 61
"g12661" 74 6 42 9 8 23 20 18 25 33
"g12662" 1469 877 1082 1184 942 1489 1440 1171 1966 1496
"g12663" 24 21 178 695 5 408 757 1 1009 85
"g12664" 696 506 533 711 666 867 1637 503 690 601
"g12665" 412 908 189 719 267 259 718 186 433 432
"g12666" 9 5 5 1 1 3 8 3 0 11
"g12667" 0 6 14 3 11 0 0 0 0 40
"g12668" 580 465 281 423 275 420 490 672 821 548
"g12669" 122 54 43 161 86 179 148 117 172 113
"g12670" 1280 453 559 956 783 1148 845 1015 967 715
"g12671" 12 8 14 13 12 12 6 18 17 6
"g12672" 15 9 15 15 2 38 52 10 9 4
"g12673" 1479 1250 1222 1188 1807 1509 1558 1028 1503 1115
"g12674" 89 8 8 23 24 47 24 48 51 17
"g12675" 144 0 20 135 2 1 4 20 210 2
"g12676" 46 12 19 17 23 21 19 37 13 22
"g12677" 35 50 48 77 70 29 126 29 18 74
"g12678" 763 137 66 46 278 218 435 103 286 215
"g12679" 3 0 4 6 0 1 0 0 4 6
"g12680" 8 4 24 23 1 15 12 8 13 4
"g12681" 3 0 17 1 4 2 5 0 1 1
"g12682" 5 10 4 13 3 9 50 17 28 14
"g12683" 1137 723 387 889 544 1179 1041 558 406 721
"g12684" 42 21 41 3 26 1 52 33 0 8
"g12685" 55 16 19 24 11 25 44 3 37 46
"g12686" 3 0 2 0 0 3 4 2 3 4
"g12687" 144 73 65 88 77 62 98 59 59 47
"g12688" 2527 1348 1074 4188 1852 1991 3919 1085 2014 1799
"g12689" 974 873 774 662 715 651 1223 674 1012 910
"g12690" 336 198 761 554 301 143 190 247 203 176
"g12691" 22 20 41 24 31 16 31 20 43 45
"g12692" 167 66 80 259 190 149 68 30 72 20
"g12693" 252 26 46 117 418 378 150 135 243 750
"g12694" 4 13 7 8 14 45 40 10 6 39
"g12695" 484 539 500 417 480 357 509 380 587 503
"g12696" 6 7 6 1 2 4 2 1 1 1
"g12697" 14 22 31 4 11 60 49 8 31 55
"g12698" 7 13 3 25 4 3 0 7 8 6
"g12699" 305 113 312 198 103 157 253 119 380 160
"g12700" 1350 915 903 874 961 972 1802 1205 1555 1333
"g12701" 42 11 28 35 17 39 14 24 150 189
"g12702" 38 25 26 14 31 27 36 32 32 12
"g12703" 344 200 214 267 205 198 381 194 234 240
"g12704" 7 6 0 2 3 4 4 3 7 3
"g12705" 15 35 39 27 107 12 201 5 76 164
"g12706" 95 0 15 0 7 12 0 127 151 17
"g12707" 187 149 274 62 183 149 162 160 106 97
"g12708" 29 2 3 4 11 9 17 2 13 20
"g12709" 11475 9485 8339 9022 15779 9498 7928 12054 7430 6201
"g12710" 3245 3180 2804 3469 4473 3226 2443 2315 4521 2202
"g12711" 5057 6588 4351 3241 5923 4553 7611 7126 3941 5748
"g12712" 203 144 109 205 174 187 115 223 169 112
"g12713" 40 6 12 19 49 14 12 34 64 40
"g12714" 1437 892 644 809 1004 823 2045 411 1371 969
"g12715" 692 698 513 593 986 821 896 864 587 945
"g12716" 45 39 42 25 42 41 52 17 75 29
"g12717" 13 3 7 12 22 11 40 11 7 3
"g12718" 65 9 69 14 31 11 64 41 31 6
"g12719" 110 71 116 39 57 110 75 61 71 131
"g12720" 886 568 799 416 516 512 650 761 738 647
"g12721" 3136 980 1774 2446 2857 1616 3519 2606 2993 2301
"g12722" 6 3 5 1 6 4 1 1 12 6
"g12723" 1731 1233 1721 1561 1506 1838 691 1442 2153 1684
"g12724" 175 275 163 114 222 312 438 144 117 140
"g12725" 1546 950 768 602 542 800 984 613 526 860
"g12726" 421 1132 698 1015 1012 448 1314 1196 1273 1908
"g12727" 40 60 150 79 37 109 155 37 38 91
"g12728" 1 0 0 11 8 0 10 1 1 4
"g12729" 20 31 1 23 1 39 55 4 10 17
"g12730" 1 2 1 0 0 8 1 3 0 0
"g12731" 287 244 293 454 388 303 354 321 256 245
"g12732" 8 3 3 0 2 0 1 1 10 0
"g12733" 1949 737 693 864 1439 946 635 1247 1074 1079
"g12734" 489 296 392 516 313 140 633 521 194 1015
"g12735" 115 117 89 169 122 74 113 77 131 122
"g12736" 619 277 413 536 476 460 384 595 590 319
"g12737" 756 915 898 438 1265 383 1317 662 1729 779
"g12738" 17 9 11 8 16 15 18 18 20 17
"g12739" 9 9 11 15 12 11 27 23 23 10
"g12740" 668 828 681 299 346 497 791 371 485 619
"g12741" 90 73 60 57 31 68 134 34 68 65
"g12742" 2009 1370 1626 1574 1863 1117 2241 1169 2159 1034
"g12743" 11 22 0 0 0 15 5 0 4 3
"g12744" 126 150 121 150 170 72 187 132 276 166
"g12745" 5 8 4 4 0 0 6 4 6 9
"g12746" 1637 286 818 1185 2370 411 670 1036 976 121
"g12747" 4600 3449 3228 5894 3248 2485 4808 1870 3418 3432
"g12748" 8 21 0 0 18 5 2 24 2 31
"g12749" 392 217 182 184 177 191 292 345 283 145
"g12750" 86 45 32 55 110 78 64 72 102 51
"g12751" 189 65 74 213 37 95 87 69 87 128
"g12752" 8 5 7 17 13 6 7 3 6 13
"g12753" 59 71 45 45 53 35 66 64 62 65
"g12754" 631 401 514 555 592 500 859 589 706 666
"g12755" 324 96 162 364 147 224 203 134 260 159
"g12756" 2515 1005 1252 1247 1786 1104 1469 2832 2318 2176
"g12757" 46 6 23 13 20 19 8 35 23 20
"g12758" 10 16 5 11 23 29 17 20 0 0
"g12759" 8250 6027 6457 6862 6768 4695 8670 5922 9353 7511
"g12760" 143 80 74 23 64 226 101 85 59 72
"g12761" 1029 641 571 819 369 629 1096 477 827 608
"g12762" 3133 1874 2231 2476 2382 2422 3870 2358 2441 2643
"g12763" 145 118 83 106 99 155 176 129 181 108
"g12764" 1951 901 1133 488 1830 858 716 881 3197 857
"g12765" 475 427 408 346 362 662 651 292 451 265
"g12766" 205 222 204 133 329 196 225 192 285 346
"g12767" 2 1 0 3 2 3 3 0 2 1
"g12768" 15 7 11 6 7 8 13 9 10 10
"g12769" 2843 813 1377 1799 1535 2282 2963 1848 2462 1891
"g12770" 4233 919 1117 484 1578 2048 1429 1490 1742 1349
"g12771" 136 124 100 187 97 110 168 105 177 69
"g12772" 552 518 491 300 391 410 541 490 536 770
"g12773" 66 46 45 22 31 29 99 42 77 21
"g12774" 21 7 22 9 5 27 40 24 18 19
"g12775" 550 469 343 533 270 421 609 200 656 347
"g12776" 14 38 3 5 34 13 23 4 142 25
"g12777" 18 12 12 18 29 11 8 11 3 16
"g12778" 296 17 273 42 382 114 96 40 411 280
"g12779" 4 2 0 0 0 8 8 2 8 2
"g12780" 1229 764 825 907 1270 681 1261 1504 1077 1623
"g12781" 16 7 23 21 17 5 5 20 13 47
"g12782" 143 33 69 80 5 188 135 106 170 60
"g12783" 156 114 115 214 109 98 224 87 167 194
"g12784" 1243 718 1153 1047 1232 1034 1808 1381 1970 1419
"g12785" 83 34 69 54 112 171 213 173 187 156
"g12786" 128 147 156 180 108 157 245 133 265 187
"g12787" 964 477 685 1536 905 624 2220 643 1327 1009
"g12788" 13 3 8 9 10 3 8 12 9 8
"g12789" 419 432 363 489 631 306 487 316 811 514
"g12790" 0 48 2 84 7 62 253 6 15 150
"g12791" 820 251 646 378 502 577 64 309 674 324
"g12792" 2 1 3 0 4 1 3 6 4 0
"g12793" 192 84 204 109 55 68 184 116 138 147
"g12794" 642 1440 283 320 1437 366 1225 1631 787 2211
"g12795" 18 4 3 7 2 24 30 6 130 40
"g12796" 36 35 29 16 10 41 25 39 80 26
"g12797" 2545 2216 993 2002 864 1572 1133 784 2755 590
"g12798" 4 2 5 4 1 3 10 1 7 3
"g12799" 1677 1159 1250 1566 1513 1333 3177 1371 2491 1388
"g12800" 8 14 8 12 5 9 18 9 9 4
"g12801" 1468 722 1261 664 795 1109 1551 779 1596 1107
"g12802" 1596 1456 1239 1548 1762 1779 2037 1703 1966 1271
"g12803" 1009 608 662 727 787 581 1321 470 987 705
"g12804" 341 443 289 374 403 461 304 278 527 357
"g12805" 0 7 6 0 7 0 1 0 0 6
"g12806" 1248 249 815 769 545 644 266 293 1261 482
"g12807" 357 188 181 207 210 306 128 208 270 148
"g12808" 3 5 0 1 11 14 2 8 2 3
"g12809" 483 261 478 442 313 380 388 393 672 558
"g12810" 992 755 623 754 906 711 1393 611 1073 1351
"g12811" 28 9 18 12 13 34 17 38 7 39
"g12812" 1532 684 50 2054 1256 684 1465 1889 1323 160
"g12813" 62 63 77 25 45 43 117 26 32 57
"g12814" 1 3 1 0 1 2 0 0 7 4
"g12815" 2331 1836 2045 1210 2171 2342 2798 1414 3226 2580
"g12816" 44 71 71 136 75 160 121 63 128 39
"g12817" 101 142 53 62 98 214 150 98 183 116
"g12818" 2 5 0 4 0 2 0 9 0 5
"g12819" 1327 688 817 963 1053 592 1474 571 521 581
"g12820" 248 123 97 251 260 272 355 223 201 209
"g12821" 2102 1220 577 1428 705 1267 589 1193 979 634
"g12822" 92 47 112 28 130 141 138 127 154 105
"g12823" 17 9 9 3 14 16 22 2 11 12
"g12824" 337 349 198 426 142 315 565 219 393 326
"g12825" 496 104 231 623 464 684 535 496 140 380
"g12826" 74 126 27 21 28 36 82 47 66 51
"g12827" 90 48 34 55 70 61 65 36 69 53
"g12828" 9 4 7 7 8 8 13 11 11 6
"g12829" 83 102 156 126 162 116 267 76 168 99
"g12830" 134 682 75 44 157 198 331 208 365 4
"g12831" 294 228 280 258 365 268 604 196 345 285
"g12832" 26 51 14 54 31 73 43 8 65 75
"g12833" 59 91 41 26 49 45 66 50 85 54
"g12834" 45 94 64 25 39 67 133 54 89 93
"g12835" 2594 1683 2341 1292 2377 1506 3082 1255 2396 1839
"g12836" 605 416 1574 1856 1096 217 1675 961 2805 1379
"g12837" 0 89 139 41 27 40 12 93 119 91
"g12838" 25 25 39 24 17 12 49 25 54 37
"g12839" 67 41 33 12 16 30 55 18 45 22
"g12840" 728 539 587 312 711 504 712 249 1001 648
"g12841" 152 64 378 174 95 386 80 330 151 62
"g12842" 98 96 327 118 165 113 361 179 337 243
"g12843" 22 19 44 23 41 20 28 24 19 31
"g12844" 130 124 205 55 46 123 276 93 169 200
"g12845" 1034 1013 994 1376 1208 1399 1491 882 1695 1154
"g12846" 7690 5200 3471 4419 2542 4408 8549 3777 2184 1709
"g12847" 509 466 163 230 482 660 791 185 541 151
"g12848" 308 159 189 141 471 223 300 154 306 149
"g12849" 5 2 5 1 12 5 10 6 6 7
"g12850" 1104 603 860 1071 755 936 1276 891 1166 791
"g12851" 277 201 138 200 145 127 206 182 202 293
"g12852" 1704 1223 1416 1015 1550 1623 1784 1174 1458 1388
"g12853" 358 148 186 181 290 235 439 263 200 358
"g12854" 399 367 211 600 483 1039 540 353 697 408
"g12855" 145 93 130 98 135 96 119 124 203 118
"g12856" 477 179 422 293 440 354 503 332 583 670
"g12857" 7 0 0 0 0 0 0 157 514 0
"g12858" 118 119 56 94 107 83 144 98 90 117
"g12859" 65 31 54 31 46 30 54 29 16 63
"g12860" 0 8 18 5 6 1 0 1 10 0
"g12861" 4 5 13 1 4 16 14 18 28 4
"g12862" 45 39 38 50 54 35 68 31 50 65
"g12863" 11 9 32 15 36 49 25 8 5 11
"g12864" 0 3 2 0 0 1 2 7 0 0
"g12865" 0 3 0 0 0 9 0 0 0 0
"g12866" 12 145 24 155 76 126 69 24 80 21
"g12867" 2407 2960 3268 1862 2356 1877 7320 1659 5719 3314
"g12868" 4913 3093 2883 2737 3187 3058 4215 2386 4710 3952
"g12869" 166 33 13 67 35 82 117 93 80 33
"g12870" 4999 4488 2899 3716 3014 5041 4045 2887 3582 3783
"g12871" 2202 712 1466 2108 1891 1670 2836 1566 1727 576
"g12872" 540 97 213 251 134 159 356 195 288 206
"g12873" 225 43 74 51 128 24 112 73 203 205
"g12874" 7596 5405 5418 8032 5661 10482 3263 7459 6703 7225
"g12875" 1415 1105 1185 1045 929 1209 1213 1398 1216 1074
"g12876" 21 16 12 25 4 15 26 21 28 8
"g12877" 1 3 0 1 6 3 14 0 2 17
"g12878" 712 605 610 720 260 585 876 683 467 347
"g12879" 786 630 380 351 184 508 403 311 275 258
"g12880" 927 1342 1028 1879 1510 1402 1129 1381 2007 1447
"g12881" 3309 2151 1893 2332 2533 2241 3340 2869 2921 2646
"g12882" 8 7 10 11 2 1 9 4 13 6
"g12883" 1134 1243 1277 791 1145 1105 1808 702 1102 1143
"g12884" 1832 900 1149 1152 1267 1353 1511 1595 1882 1923
"g12885" 15 34 13 9 31 27 20 21 17 28
"g12886" 316 205 207 328 196 277 416 183 230 287
"g12887" 69 29 37 47 43 20 50 61 23 106
"g12888" 117 69 57 36 67 58 176 87 57 61
"g12889" 133 138 30 107 42 48 152 20 49 167
"g12890" 324 20 203 258 795 477 123 6 402 211
"g12891" 3906 2275 2952 1862 3291 5050 6382 2655 3654 2020
"g12892" 1293 374 754 973 937 706 2052 942 725 1069
"g12893" 4030 2520 2871 2465 3514 2677 3995 2811 4898 3264
"g12894" 651 246 396 445 436 371 578 401 214 627
"g12895" 131 93 126 43 86 78 148 74 174 82
"g12896" 5609 3695 5396 4022 6690 9311 6352 3272 6527 3283
"g12897" 4 1 10 4 2 0 3 1 5 0
"g12898" 0 8 0 2 16 2 22 3 8 3
"g12899" 1858 1223 1932 1300 1081 979 2360 1113 2196 1182
"g12900" 2147 624 1049 1225 254 283 1720 292 419 578
"g12901" 39 46 41 24 36 30 54 62 38 29
"g12902" 87 63 64 49 72 54 69 45 37 26
"g12903" 4559 3864 1850 3713 2553 1928 3723 3225 5114 4528
"g12904" 5 2 1 3 9 0 1 2 1 0
"g12905" 188 187 150 140 137 132 140 226 233 150
"g12906" 229 270 12 99 484 126 262 19 229 30
"g12907" 9 61 72 26 36 11 60 26 16 9
"g12908" 59 75 69 95 71 55 87 85 155 87
"g12909" 118 88 87 186 120 57 66 305 146 187
"g12910" 17 117 27 22 44 19 13 74 53 29
"g12911" 3007 1431 2712 2561 1266 856 3211 726 2323 2082
"g12912" 6 2 3 7 2 4 3 5 6 3
"g12913" 7 4 9 2 7 2 3 6 16 14
"g12914" 19 7 6 1 4 2 11 5 1 7
"g12915" 189 40 28 81 105 128 76 74 37 74
"g12916" 1204 1100 878 694 1114 743 1136 591 957 674
"g12917" 88 18 50 89 45 50 91 33 44 38
"g12918" 4 2 0 2 1 1 1 3 2 2
"g12919" 3 4 1 1 4 6 6 1 4 7
"g12920" 127 134 113 77 113 160 107 79 165 116
"g12921" 347 228 390 267 110 293 634 292 709 533
"g12922" 137 66 97 155 66 61 144 24 170 25
"g12923" 756 671 657 625 650 590 1115 610 1011 622
"g12924" 378 194 264 285 157 203 373 195 398 361
"g12925" 109 83 67 105 87 85 156 74 148 121
"g12926" 1230 900 282 1054 683 663 566 903 1383 972
"g12927" 15 4 6 7 6 6 5 4 13 12
"g12928" 42 585 171 987 610 1118 402 472 261 784
"g12929" 3 6 2 2 3 9 34 5 0 0
"g12930" 598 231 282 712 397 714 1404 429 786 308
"g12931" 822 366 464 369 499 381 935 396 721 581
"g12932" 24 29 22 9 28 9 44 31 44 20
"g12933" 215 144 139 150 226 227 237 164 266 145
"g12934" 48 52 20 55 53 35 79 105 102 72
"g12935" 194 235 254 423 171 219 267 227 534 332
"g12936" 69 7 52 34 13 5 2 68 68 11
"g12937" 8 3 9 8 12 7 5 3 12 6
"g12938" 2710 1059 1361 1380 1413 784 2044 1579 3713 1733
"g12939" 131 53 54 94 71 79 118 54 112 123
"g12940" 1210 1012 974 1064 1556 800 1326 1679 1764 1124
"g12941" 9 2 3 3 6 2 15 9 11 9
"g12942" 970 862 791 809 1411 947 1836 812 989 1103
"g12943" 955 233 134 165 196 184 470 223 216 211
"g12944" 418 247 179 136 142 162 295 237 305 167
"g12945" 538 579 316 370 346 553 623 432 844 456
"g12946" 67 122 148 153 209 180 259 119 231 286
"g12947" 282 265 188 238 280 206 253 277 408 265
"g12948" 85 136 109 14 160 19 90 82 86 395
"g12949" 305 245 329 404 544 1352 844 275 704 347
"g12950" 118 23 43 53 25 64 90 20 45 107
"g12951" 1424 746 882 737 801 1174 1074 956 1234 851
"g12952" 9501 1955 2965 4643 8248 1884 2388 1675 8014 1503
"g12953" 103 51 46 62 55 69 105 55 78 64
"g12954" 21 24 13 41 16 8 73 33 54 22
"g12955" 110 61 109 101 67 74 139 80 60 102
"g12956" 1 3 5 6 29 1 5 22 1 2
"g12957" 604 379 191 288 361 332 565 252 192 713
"g12958" 1152 282 224 830 900 603 1562 728 558 1346
"g12959" 2 3 0 17 9 14 3 3 1 44
"g12960" 755 322 702 1019 504 721 1624 327 1084 500
"g12961" 0 3 18 3 14 18 12 8 5 6
"g12962" 9 7 4 10 4 10 7 9 8 1
"g12963" 1131 1258 1202 991 1351 1503 1072 2155 2572 2702
"g12964" 21 8 100 6 213 90 43 9 248 129
"g12965" 3092 1985 2689 2411 3621 1812 3446 1876 4235 2172
"g12966" 175 107 124 80 124 154 179 81 143 76
"g12967" 24 14 14 5 16 27 43 9 25 17
"g12968" 866 174 2649 213 1086 1760 4749 1951 772 1592
"g12969" 11 13 17 12 6 5 6 7 11 10
"g12970" 413 441 631 279 725 186 764 308 687 370
"g12971" 13 27 19 14 8 18 34 6 15 13
"g12972" 483 574 252 256 322 267 445 194 326 232
"g12973" 66 21 76 49 20 64 63 22 108 54
"g12974" 100 46 52 49 46 17 59 24 114 51
"g12975" 5 6 1 4 3 5 2 1 2 1
"g12976" 133 270 116 199 115 171 265 66 142 164
"g12977" 198 156 142 151 139 305 404 310 59 136
"g12978" 691 509 699 842 487 652 996 440 693 1028
"g12979" 922 522 2181 932 574 832 1924 765 1713 887
"g12980" 604 299 938 653 790 478 829 539 778 569
"g12981" 218 174 203 122 178 155 524 206 268 163
"g12982" 104 55 22 117 18 50 35 7 103 77
"g12983" 19 20 16 54 41 53 38 62 31 46
"g12984" 210 70 198 156 177 152 257 213 217 249
"g12985" 7 15 14 14 2 5 17 10 19 16
"g12986" 1965 1250 1174 1937 668 1113 1518 1525 3040 2344
"g12987" 145 155 154 176 142 114 93 76 199 192
"g12988" 164 75 142 119 90 85 221 153 297 98
"g12989" 495 499 437 195 331 535 869 549 639 616
"g12990" 15 60 42 16 33 6 103 36 31 59
"g12991" 755 774 522 1004 1054 816 1122 542 901 836
"g12992" 78 43 30 52 23 47 101 77 35 60
"g12993" 37 10 19 3 31 4 30 16 10 52
